Type	error	PC Date	PC Time	equ temp	std val	CO2 mv	CO2 um/m	H2O mv	H2O mm/m	licor temp	licor press	equ press	H2O flow	licor flow	equ pump	vent flow	atm cond	equ cond	drip 1	drip 2	cond temp	dry box temp
STD1z	0	10/05/22	05:18:24	23.50	0.00	-50.92	-6.88	9.46	0.06	33.28	1016.60	-1.02	0.05	65.76	30.00	318.88	9.96	9.76	9.95	0.4210	24.75	22.94
STD3s	0	10/05/22	05:23:14	23.48	0.00	4915.20	1325.10	14.87	0.09	33.44	1016.60	-0.89	0.05	66.49	30.00	316.34	9.96	9.74	9.93	0.4190	24.81	23.81
STD1	0	10/05/22	05:28:01	23.54	0.00	-49.05	0.27	9.58	0.06	33.74	1016.60	-0.92	0.05	66.13	30.00	325.00	9.96	9.74	9.92	0.4200	24.94	22.19
STD1	0	10/05/22	05:29:27	23.54	0.00	-49.72	0.17	9.04	0.05	33.85	1016.60	-0.94	0.05	66.26	30.00	324.36	9.96	9.75	9.94	0.4200	24.94	22.56
STD1	0	10/05/22	05:30:54	23.53	0.00	-50.05	0.13	8.58	0.05	33.97	1016.60	-0.96	0.05	66.08	30.00	325.77	9.96	9.76	9.95	0.4200	24.94	21.87
STD2	0	10/05/22	05:35:41	23.40	608.37	2969.20	678.84	16.29	0.10	34.26	1016.60	-1.02	0.05	67.94	30.00	329.37	9.96	9.79	9.96	0.4210	24.94	21.25
STD2	0	10/05/22	05:37:07	23.34	608.37	2977.10	681.70	16.96	0.10	34.35	1016.70	-1.00	0.05	67.24	30.00	330.87	9.96	9.81	9.96	0.4210	24.94	21.37
STD2	0	10/05/22	05:38:34	23.29	608.37	2968.40	678.91	16.54	0.10	34.42	1016.60	-1.00	0.05	66.54	30.00	326.87	9.96	9.82	9.95	0.4210	24.87	22.06
STD3	0	10/05/22	05:43:21	23.22	1514.51	4923.40	1525.30	12.54	0.08	34.78	1016.60	-0.85	0.05	66.26	30.00	315.07	9.96	9.83	9.95	0.4200	24.94	23.69
STD3-DRAIN	0	10/05/22	05:44:49	23.23	1514.51	4929.80	1529.20	14.08	0.09	34.85	1016.60	-0.86	0.05	65.62	30.00	319.31	9.96	9.83	9.95	0.4200	25.00	23.75
STD3	0	10/05/22	05:46:37	23.26	1514.51	4944.10	1537.40	13.12	0.08	34.99	1016.60	-0.82	0.05	65.85	30.00	315.05	9.96	9.84	9.95	0.4200	25.06	24.00
ATM	0	10/05/22	05:51:24	23.31	NaN	1987.80	392.22	862.58	6.98	35.30	1016.60	-0.93	0.05	100.49	30.00	319.78	9.96	9.85	9.95	0.4210	25.19	22.00
ATM	0	10/05/22	05:52:51	23.29	NaN	2006.40	397.20	863.58	6.99	35.44	1016.60	-0.94	0.05	100.25	30.00	316.57	9.96	9.85	9.95	0.4210	25.19	21.75
ATM	0	10/05/22	05:54:18	23.26	NaN	2006.20	397.19	866.29	7.02	35.47	1016.60	-0.97	0.05	100.13	30.00	321.26	9.96	9.85	9.96	0.4210	25.12	21.50
EQU	0	10/05/22	05:59:40	22.98	NaN	3840.00	1015.10	452.50	3.23	35.75	1016.60	-0.98	0.05	91.00	30.00	318.66	9.96	9.84	9.96	0.4200	25.06	22.06
EQU	0	10/05/22	06:01:11	22.94	NaN	3774.80	988.08	450.54	3.21	35.80	1016.50	-0.94	0.05	92.96	30.00	317.97	9.96	9.85	9.95	0.4210	25.06	22.87
EQU	0	10/05/22	06:02:41	22.92	NaN	3765.40	984.44	451.75	3.22	35.89	1016.60	-0.90	0.05	92.73	30.00	318.76	9.96	9.85	9.95	0.4200	25.06	23.37
EQU	0	10/05/22	06:04:11	22.91	NaN	3747.80	977.28	452.54	3.23	35.92	1016.50	-0.88	0.05	92.90	30.00	320.22	9.96	9.85	9.95	0.4210	25.12	23.56
EQU	0	10/05/22	06:05:42	22.91	NaN	3803.20	1000.60	452.62	3.23	36.04	1016.60	-0.84	0.05	92.17	30.00	317.37	9.96	9.85	9.95	0.4190	25.12	23.75
EQU	0	10/05/22	06:07:13	22.92	NaN	3719.60	966.14	454.41	3.25	36.10	1016.60	-0.86	0.05	92.12	30.00	311.72	9.96	9.85	9.95	0.4190	25.19	23.94
EQU	0	10/05/22	06:08:43	22.93	NaN	3687.80	953.40	456.66	3.27	36.14	1016.50	-0.84	0.05	91.72	30.00	299.27	9.96	9.85	9.95	0.4190	25.19	23.94
EQU	0	10/05/22	06:10:14	22.95	NaN	3768.90	987.77	453.41	3.24	36.27	1016.10	-0.84	0.05	92.28	30.00	281.82	9.96	9.85	9.95	0.4190	25.25	23.06
EQU	0	10/05/22	06:11:45	22.96	NaN	3663.30	944.11	453.25	3.24	36.35	1016.50	-0.87	0.05	92.79	30.00	285.77	9.96	9.85	9.95	0.4190	25.31	22.50
EQU	0	10/05/22	06:13:16	22.95	NaN	3679.30	950.88	449.95	3.22	36.44	1016.50	-0.88	0.05	92.73	30.00	308.88	9.96	9.85	9.95	0.4200	25.31	22.00
EQU-DRAIN	0	10/05/22	06:14:47	22.93	NaN	3658.50	942.52	444.95	3.18	36.49	1016.50	-0.96	0.05	93.47	30.00	307.84	9.96	9.84	9.95	0.4200	25.31	21.75
EQU	0	10/05/22	06:16:39	22.91	NaN	3660.60	943.67	443.41	3.16	36.59	1016.50	-0.95	0.05	93.58	30.00	301.24	9.96	9.84	9.96	0.4200	25.31	21.44
EQU	0	10/05/22	06:18:09	22.86	NaN	3635.00	933.29	442.20	3.15	36.58	1016.50	-0.95	0.05	93.13	30.00	298.01	9.96	9.81	9.96	0.4200	25.31	21.25
EQU	0	10/05/22	06:19:40	22.82	NaN	3640.30	935.62	442.33	3.16	36.65	1016.50	-0.94	0.05	92.62	30.00	299.08	9.96	9.84	9.96	0.4200	25.31	21.12
EQU	0	10/05/22	06:21:10	22.78	NaN	3607.40	922.48	441.12	3.15	36.69	1016.50	-0.96	0.05	93.02	30.00	304.16	9.96	9.41	9.96	0.4190	25.25	21.12
EQU	0	10/05/22	06:22:41	22.73	NaN	3594.00	917.14	439.29	3.13	36.69	1016.50	-1.00	0.05	93.41	30.00	309.21	9.96	9.68	9.96	0.4200	25.19	20.87
EQU	0	10/05/22	06:24:12	22.69	NaN	3672.90	949.11	439.25	3.13	36.73	1016.50	-1.01	0.05	91.28	30.00	306.10	9.96	9.74	9.96	0.4190	25.19	20.75
EQU	0	10/05/22	06:25:44	22.65	NaN	3584.80	913.86	439.79	3.14	36.77	1016.40	-1.02	0.05	92.51	30.00	295.87	9.96	9.80	9.96	0.4190	25.19	21.31
EQU	0	10/05/22	06:27:13	22.61	NaN	3580.50	912.14	441.66	3.15	36.78	1016.40	-0.98	0.05	90.83	30.00	288.08	9.96	9.82	9.96	0.4190	25.12	21.94
EQU	0	10/05/22	06:28:44	22.58	NaN	3570.60	908.34	440.41	3.14	36.80	1016.40	-0.95	0.05	93.02	30.00	286.90	9.96	9.83	9.96	0.4200	25.12	22.75
EQU	0	10/05/22	06:30:15	22.57	NaN	3560.10	904.47	445.37	3.18	36.85	1016.30	-0.90	0.05	91.56	30.00	282.91	9.96	9.83	9.95	0.4210	25.12	23.12
EQU	0	10/05/22	06:31:46	22.57	NaN	3545.60	898.71	444.91	3.18	36.91	1016.40	-0.90	0.05	93.02	30.00	288.48	9.96	9.81	9.95	0.4190	25.12	23.31
EQU	0	10/05/22	06:33:17	22.58	NaN	3537.00	895.46	446.08	3.19	36.94	1016.30	-0.88	0.05	93.02	30.00	300.36	9.96	9.81	9.95	0.4190	25.19	23.50
EQU	0	10/05/22	06:34:47	22.58	NaN	3617.00	927.94	446.12	3.19	36.97	1016.00	-0.85	0.05	92.23	30.00	300.14	9.96	9.83	9.95	0.4200	25.19	23.12
EQU	0	10/05/22	06:36:18	22.60	NaN	3509.10	884.74	449.12	3.22	36.99	1016.30	-0.87	0.05	92.34	30.00	294.39	9.96	9.82	9.95	0.4190	25.25	22.06
EQU	0	10/05/22	06:37:49	22.60	NaN	3534.40	894.69	446.58	3.19	37.01	1016.30	-0.93	0.05	92.12	30.00	293.16	9.96	9.83	9.95	0.4200	25.25	21.69
EQU	0	10/05/22	06:39:20	22.59	NaN	3507.10	884.29	444.12	3.18	37.10	1016.30	-0.93	0.05	92.00	30.00	292.81	9.96	9.84	9.96	0.4190	25.25	21.37
EQU	0	10/05/22	06:40:51	22.57	NaN	3527.50	892.40	442.87	3.17	37.15	1016.30	-0.97	0.05	91.00	30.00	297.76	9.96	9.84	9.96	0.4200	25.25	21.19
EQU	0	10/05/22	06:42:22	22.54	NaN	3585.40	915.27	438.50	3.13	37.11	1016.30	-0.99	0.05	91.89	30.00	279.21	9.96	9.84	9.96	0.4190	25.25	21.06
EQU	0	10/05/22	06:43:53	22.51	NaN	3485.70	875.97	438.91	3.13	37.12	1016.30	-1.02	0.05	91.72	30.00	275.53	9.96	9.84	9.96	0.4190	25.19	20.94
EQU-DRAIN	0	10/05/22	06:45:25	22.48	NaN	3488.40	877.02	437.79	3.12	37.14	1016.30	-1.02	0.05	91.78	30.00	286.56	9.96	9.75	9.96	0.4200	25.19	20.81
EQU	0	10/05/22	06:47:17	22.44	NaN	3485.80	876.13	434.08	3.09	37.16	1016.30	-1.00	0.05	92.57	30.00	303.92	9.96	9.81	9.96	0.4200	25.12	21.50
EQU	0	10/05/22	06:48:48	22.41	NaN	3503.40	882.93	434.91	3.10	37.18	1016.30	-0.98	0.05	92.23	30.00	307.99	9.96	9.84	9.95	0.4200	25.12	22.25
EQU	0	10/05/22	06:50:19	22.39	NaN	3461.60	866.71	437.50	3.12	37.17	1016.30	-0.96	0.05	92.17	30.00	312.26	9.96	9.84	9.95	0.4200	25.12	22.87
EQU	0	10/05/22	06:51:50	22.38	NaN	3481.80	874.81	438.04	3.13	37.24	1016.20	-0.91	0.05	92.00	30.00	308.16	9.96	9.83	9.95	0.4200	25.12	23.19
EQU	0	10/05/22	06:53:21	22.39	NaN	3471.30	870.67	438.16	3.13	37.22	1016.20	-0.87	0.05	92.17	30.00	306.88	9.96	9.82	9.95	0.4200	25.12	23.37
EQU	0	10/05/22	06:54:51	22.40	NaN	3463.60	867.85	439.70	3.14	37.25	1016.20	-0.87	0.05	91.39	30.00	304.17	9.96	9.72	9.95	0.4200	25.19	23.50
EQU	0	10/05/22	06:56:21	22.41	NaN	3457.00	865.30	438.79	3.13	37.26	1016.20	-0.85	0.05	92.06	30.00	305.26	9.96	9.72	9.95	0.4190	25.19	23.62
EQU	0	10/05/22	06:57:52	22.43	NaN	3524.10	891.80	435.33	3.11	37.34	1016.10	-0.90	0.05	91.67	30.00	318.17	9.96	9.82	9.95	0.4190	25.25	22.62
EQU	0	10/05/22	06:59:23	22.45	NaN	3448.70	862.40	435.70	3.11	37.35	1016.10	-0.91	0.05	91.50	30.00	308.59	9.96	9.83	9.95	0.4200	25.25	21.87
EQU	0	10/05/22	07:00:55	22.45	NaN	3427.40	854.28	433.29	3.09	37.38	1016.10	-0.95	0.05	91.78	30.00	318.13	9.96	9.83	9.95	0.4190	25.25	21.56
EQU	0	10/05/22	07:02:26	22.45	NaN	3423.30	852.75	431.50	3.08	37.41	1016.10	-0.98	0.05	92.00	30.00	319.64	9.96	9.82	9.96	0.4200	25.25	21.31
EQU	0	10/05/22	07:03:56	22.43	NaN	3421.90	852.26	430.41	3.07	37.42	1016.10	-0.96	0.05	91.78	30.00	320.68	9.96	9.79	9.96	0.4190	25.25	21.19
EQU	0	10/05/22	07:05:25	22.41	NaN	3422.40	852.53	429.16	3.06	37.45	1016.10	-0.98	0.05	91.95	30.00	315.93	9.96	9.82	9.96	0.4200	25.25	21.06
EQU	0	10/05/22	07:06:57	22.38	NaN	3407.20	846.55	427.83	3.05	37.43	1016.20	-1.00	0.05	91.56	30.00	320.14	9.96	9.77	9.96	0.4190	25.19	20.87
EQU	0	10/05/22	07:08:28	22.35	NaN	3393.70	841.50	425.83	3.03	37.45	1016.10	-1.00	0.05	91.84	30.00	315.48	9.96	9.81	9.96	0.4200	25.19	21.31
EQU	0	10/05/22	07:09:59	22.32	NaN	3406.50	846.27	422.70	3.00	37.43	1016.20	-0.99	0.05	93.13	30.00	314.43	9.96	9.81	9.96	0.4200	25.12	22.00
EQU	0	10/05/22	07:11:30	22.30	NaN	3385.80	838.30	425.58	3.03	37.40	1016.20	-0.96	0.05	93.13	30.00	314.05	9.96	9.81	9.95	0.4200	25.12	22.75
EQU	0	10/05/22	07:13:01	22.30	NaN	3397.80	842.98	425.54	3.03	37.44	1016.20	-0.94	0.05	93.53	30.00	314.04	9.96	9.81	9.95	0.4190	25.12	23.12
EQU-DRAIN	0	10/05/22	07:14:32	22.30	NaN	3470.90	871.29	424.41	3.02	37.48	1016.10	-0.91	0.05	93.02	30.00	313.98	9.96	9.82	9.95	0.4190	25.12	23.37
EQU	0	10/05/22	07:16:24	22.33	NaN	3379.80	836.15	426.45	3.04	37.44	1016.20	-0.90	0.05	93.58	30.00	308.02	9.96	9.81	9.95	0.4190	25.19	23.50
EQU	0	10/05/22	07:17:54	22.34	NaN	3371.90	833.34	428.66	3.05	37.51	1016.20	-0.86	0.05	93.36	30.00	288.89	9.96	9.75	9.95	0.4190	25.25	23.62
EQU	0	10/05/22	07:19:24	22.35	NaN	3363.00	830.13	429.12	3.06	37.57	1016.20	-0.85	0.05	93.19	30.00	293.33	9.96	9.81	9.95	0.4190	25.25	23.62
EQU	0	10/05/22	07:20:55	22.38	NaN	3376.40	835.27	427.95	3.05	37.59	1016.20	-0.90	0.05	92.96	30.00	296.71	9.96	9.81	9.95	0.4200	25.31	22.56
EQU	0	10/05/22	07:22:26	22.40	NaN	3366.80	831.66	426.91	3.04	37.61	1016.20	-0.94	0.05	93.07	30.00	308.66	9.96	9.82	9.95	0.4200	25.31	21.81
EQU	0	10/05/22	07:23:57	22.40	NaN	3376.40	835.32	424.04	3.02	37.65	1016.20	-0.95	0.05	93.19	30.00	308.09	9.96	9.82	9.96	0.4200	25.31	21.56
EQU	0	10/05/22	07:25:27	22.39	NaN	3358.10	828.36	423.62	3.01	37.62	1016.20	-1.01	0.05	92.85	30.00	307.52	9.96	9.81	9.96	0.4190	25.31	21.31
EQU	0	10/05/22	07:26:58	22.37	NaN	3350.20	825.45	422.54	3.01	37.64	1016.20	-1.02	0.05	93.13	30.00	307.49	9.96	9.74	9.96	0.4190	25.25	21.12
EQU	0	10/05/22	07:28:30	22.34	NaN	3350.40	825.53	421.50	3.00	37.64	1016.10	-1.02	0.05	93.30	30.00	315.78	9.96	9.82	9.96	0.4190	25.19	21.00
EQU	0	10/05/22	07:30:01	22.31	NaN	3347.70	824.53	422.41	3.00	37.66	1016.20	-1.02	0.05	92.23	30.00	321.31	9.96	9.83	9.96	0.4190	25.19	21.19
ATM	0	10/05/22	07:34:47	22.38	NaN	2008.70	400.65	808.12	6.49	37.63	1016.20	-0.94	0.05	102.77	30.00	296.44	9.96	9.82	9.95	0.4210	25.12	23.12
ATM	0	10/05/22	07:36:13	22.40	NaN	2031.50	406.66	811.54	6.52	37.65	1016.20	-0.91	0.05	102.65	30.00	326.31	9.96	9.83	9.95	0.4200	25.12	23.25
ATM	0	10/05/22	07:37:40	22.43	NaN	2032.00	406.80	807.95	6.49	37.69	1016.30	-0.93	0.05	102.95	30.00	322.18	9.96	9.83	9.95	0.4190	25.19	23.50
EQU	0	10/05/22	07:43:03	22.39	NaN	3465.00	869.72	422.12	3.00	37.78	1016.20	-0.92	0.05	91.33	30.00	294.88	9.96	9.82	9.95	0.4190	25.25	22.31
EQU	0	10/05/22	07:44:33	22.40	NaN	3407.10	847.37	415.54	2.95	37.78	1016.20	-0.96	0.05	93.07	30.00	288.58	9.96	9.82	9.96	0.4200	25.25	21.81
EQU-DRAIN	0	10/05/22	07:46:03	22.39	NaN	3407.10	847.30	413.66	2.93	37.77	1016.20	-0.97	0.05	93.13	30.00	295.29	9.96	9.79	9.96	0.4190	25.25	21.50
EQU	0	10/05/22	07:47:54	22.38	NaN	3396.40	843.33	409.25	2.90	37.80	1016.20	-0.99	0.05	93.81	30.00	300.35	9.96	9.81	9.96	0.4190	25.25	21.19
EQU	0	10/05/22	07:49:25	22.34	NaN	3386.40	839.41	409.37	2.90	37.75	1016.20	-1.02	0.05	93.30	30.00	304.05	9.96	9.77	9.96	0.4200	25.19	20.94
EQU	0	10/05/22	07:50:55	22.31	NaN	3381.30	837.42	409.54	2.90	37.74	1016.20	-1.04	0.05	93.53	30.00	281.08	9.96	9.72	9.96	0.4200	25.19	20.75
EQU	0	10/05/22	07:52:26	22.27	NaN	3376.10	835.40	409.16	2.90	37.72	1016.20	-1.02	0.05	93.30	30.00	275.87	9.96	9.79	9.96	0.4190	25.12	21.50
EQU	0	10/05/22	07:53:58	22.24	NaN	3372.00	833.93	410.91	2.91	37.76	1016.20	-0.99	0.05	92.45	30.00	286.30	9.96	9.82	9.96	0.4200	25.06	22.25
EQU	0	10/05/22	07:55:29	22.22	NaN	3358.50	828.68	412.54	2.93	37.71	1016.20	-0.99	0.05	92.96	30.00	306.81	9.96	9.83	9.96	0.4200	25.06	22.87
EQU	0	10/05/22	07:56:59	22.22	NaN	3356.00	827.87	415.54	2.95	37.74	1016.20	-0.97	0.05	93.07	30.00	313.85	9.96	9.83	9.96	0.4200	25.12	23.12
EQU	0	10/05/22	07:58:28	22.22	NaN	3348.10	824.92	417.20	2.96	37.76	1016.20	-0.93	0.05	92.85	30.00	318.77	9.96	9.83	9.95	0.4200	25.12	23.25
EQU	0	10/05/22	08:00:00	22.23	NaN	3346.00	824.06	417.33	2.96	37.74	1016.20	-0.90	0.05	93.19	30.00	319.26	9.96	9.79	9.95	0.4200	25.12	23.44
EQU	0	10/05/22	08:01:31	22.25	NaN	3358.20	828.65	419.00	2.98	37.74	1016.20	-0.93	0.05	92.23	30.00	319.05	9.96	9.83	9.95	0.4190	25.19	23.56
EQU	0	10/05/22	08:03:02	22.27	NaN	3405.90	846.95	414.58	2.94	37.78	1016.20	-0.90	0.05	93.13	30.00	336.38	9.96	9.83	9.95	0.4200	25.19	23.06
EQU	0	10/05/22	08:04:33	22.29	NaN	3334.00	819.70	415.41	2.95	37.82	1016.20	-0.96	0.05	92.73	30.00	333.54	9.96	9.83	9.95	0.4200	25.19	22.06
EQU	0	10/05/22	08:06:04	22.30	NaN	3318.40	813.82	412.08	2.92	37.82	1016.20	-0.98	0.05	92.85	30.00	321.86	9.96	9.83	9.96	0.4190	25.19	21.62
EQU	0	10/05/22	08:07:35	22.30	NaN	3332.90	819.23	410.50	2.91	37.80	1016.20	-0.99	0.05	92.57	30.00	314.67	9.96	9.84	9.96	0.4190	25.19	21.37
EQU	0	10/05/22	08:09:05	22.28	NaN	3328.10	817.33	409.91	2.90	37.78	1016.20	-1.01	0.05	91.89	30.00	316.23	9.96	9.84	9.96	0.4190	25.12	21.19
EQU	0	10/05/22	08:10:36	22.25	NaN	3335.60	820.30	406.58	2.88	37.81	1016.20	-1.01	0.05	92.79	30.00	311.28	9.96	9.81	9.96	0.4190	25.12	21.06
EQU	0	10/05/22	08:12:07	22.22	NaN	3326.50	816.78	407.04	2.88	37.78	1016.20	-1.05	0.05	92.12	30.00	306.90	9.96	9.84	9.96	0.4200	25.12	20.75
EQU	0	10/05/22	08:13:38	22.19	NaN	3323.20	815.55	403.37	2.85	37.79	1016.20	-1.07	0.05	92.85	30.00	300.33	9.96	9.84	9.96	0.4190	25.06	21.12
EQU	0	10/05/22	08:15:09	22.15	NaN	3322.50	815.27	402.45	2.85	37.77	1016.10	-1.05	0.05	92.57	30.00	295.33	9.96	9.83	9.96	0.4190	25.00	21.87
EQU-DRAIN	0	10/05/22	08:16:39	22.13	NaN	3335.10	819.91	405.41	2.87	37.74	1016.20	-0.99	0.05	93.36	30.00	274.57	9.96	9.83	9.96	0.4190	25.00	22.56
EQU	0	10/05/22	08:18:31	22.14	NaN	3326.20	816.60	406.83	2.88	37.74	1016.10	-0.97	0.05	93.02	30.00	274.60	9.96	9.83	9.96	0.4190	25.00	23.00
EQU	0	10/05/22	08:20:01	22.13	NaN	3331.40	818.66	408.54	2.89	37.77	1016.10	-0.93	0.05	93.41	30.00	284.97	9.96	9.82	9.96	0.4190	25.06	23.19
EQU	0	10/05/22	08:21:31	22.14	NaN	3332.90	819.27	409.54	2.90	37.78	1016.10	-0.91	0.05	93.07	30.00	309.88	9.96	9.83	9.95	0.4200	25.06	23.31
EQU	0	10/05/22	08:23:02	22.16	NaN	3319.90	814.41	412.12	2.92	37.79	1016.10	-0.93	0.05	91.89	30.00	315.04	9.96	9.81	9.95	0.4190	25.06	23.37
EQU	0	10/05/22	08:24:32	22.18	NaN	3280.10	799.69	411.70	2.92	37.82	1016.10	-0.90	0.05	92.62	30.00	311.52	9.96	9.83	9.95	0.4190	25.06	23.50
EQU	0	10/05/22	08:26:03	22.20	NaN	3294.90	805.17	413.00	2.93	37.80	1016.10	-0.90	0.05	92.51	30.00	311.36	9.96	9.77	9.95	0.4190	25.12	22.75
EQU	0	10/05/22	08:27:34	22.22	NaN	3321.10	814.90	409.75	2.90	37.80	1016.10	-0.99	0.05	93.30	30.00	315.91	9.96	9.82	9.95	0.4200	25.12	21.87
EQU	0	10/05/22	08:29:05	22.23	NaN	3314.10	812.48	409.33	2.90	37.88	1016.10	-1.02	0.05	93.02	30.00	316.78	9.96	9.82	9.96	0.4190	25.12	21.56
EQU	0	10/05/22	08:30:35	22.22	NaN	3323.90	815.94	408.91	2.90	37.81	1016.10	-1.02	0.05	92.90	30.00	320.00	9.96	9.82	9.96	0.4190	25.12	21.25
EQU	0	10/05/22	08:32:05	22.20	NaN	3326.10	816.88	410.16	2.91	37.85	1016.10	-1.03	0.05	92.06	30.00	314.31	9.96	9.83	9.96	0.4190	25.06	21.00
EQU	0	10/05/22	08:33:36	22.18	NaN	3324.40	816.19	408.79	2.90	37.85	1016.20	-1.04	0.05	93.13	30.00	314.54	9.96	9.79	9.96	0.4200	25.06	20.94
EQU	0	10/05/22	08:35:07	22.15	NaN	3316.70	813.22	410.20	2.91	37.82	1016.20	-1.05	0.05	92.73	30.00	320.68	9.96	9.81	9.96	0.4200	25.00	21.62
EQU	0	10/05/22	08:36:37	22.12	NaN	3335.70	820.25	411.58	2.92	37.79	1016.20	-1.02	0.05	93.13	30.00	328.17	9.96	9.73	9.96	0.4200	25.00	22.44
EQU	0	10/05/22	08:38:08	22.12	NaN	3324.40	816.17	417.12	2.96	37.84	1016.20	-0.99	0.05	92.06	30.00	329.56	9.96	9.78	9.96	0.4190	25.00	22.87
EQU	0	10/05/22	08:39:39	22.12	NaN	3317.70	813.56	419.87	2.99	37.80	1016.20	-1.02	0.05	91.78	30.00	324.47	9.96	9.81	9.95	0.4200	24.94	23.19
EQU	0	10/05/22	08:41:11	22.13	NaN	3319.70	814.29	418.79	2.98	37.81	1016.20	-0.93	0.05	92.90	30.00	323.32	9.96	9.81	9.95	0.4190	25.00	23.31
EQU	0	10/05/22	08:42:40	22.14	NaN	3313.00	811.78	421.12	3.00	37.82	1016.30	-0.94	0.05	91.89	30.00	322.48	9.96	9.81	9.95	0.4200	25.00	23.44
EQU	0	10/05/22	08:44:12	22.17	NaN	3311.00	811.16	419.66	2.98	37.86	1016.30	-0.93	0.05	92.34	30.00	328.53	9.96	9.81	9.95	0.4190	25.06	23.56
EQU	0	10/05/22	08:45:42	22.19	NaN	3309.00	810.49	420.50	2.99	37.87	1016.20	-0.93	0.05	91.05	30.00	330.11	9.96	9.82	9.95	0.4190	25.06	23.62
EQU-DRAIN	0	10/05/22	08:47:12	22.22	NaN	3392.20	841.92	417.41	2.97	37.89	1016.20	-0.89	0.05	92.00	30.00	328.49	9.96	9.77	9.95	0.4190	25.06	23.81
EQU	0	10/05/22	08:49:04	22.26	NaN	3324.10	816.22	422.66	3.01	37.91	1016.20	-0.90	0.05	91.72	30.00	324.08	9.96	9.81	9.94	0.4190	25.12	22.81
EQU	0	10/05/22	08:50:36	22.29	NaN	3318.10	814.07	422.66	3.01	37.94	1016.20	-0.96	0.05	91.84	30.00	326.71	9.96	9.74	9.95	0.4200	25.12	22.00
EQU	0	10/05/22	08:52:07	22.30	NaN	3314.80	812.81	423.37	3.01	37.94	1016.30	-1.00	0.05	91.33	30.00	327.48	9.96	9.82	9.95	0.4190	25.12	21.75
EQU	0	10/05/22	08:53:38	22.29	NaN	3316.30	813.33	421.45	3.00	37.95	1016.30	-1.02	0.05	92.17	30.00	326.39	9.96	9.82	9.96	0.4200	25.12	21.44
EQU	0	10/05/22	08:55:09	22.27	NaN	3306.10	809.41	420.33	2.99	37.93	1016.30	-1.03	0.05	92.34	30.00	322.33	9.96	9.80	9.96	0.4190	25.12	21.25
EQU	0	10/05/22	08:56:40	22.24	NaN	3308.90	810.49	419.00	2.98	37.94	1016.30	-1.04	0.05	92.45	30.00	319.99	9.96	9.80	9.96	0.4190	25.06	21.69
EQU	0	10/05/22	08:58:12	22.21	NaN	3398.30	844.70	416.83	2.96	37.95	1016.00	-0.99	0.05	92.17	30.00	320.46	9.96	9.82	9.95	0.4200	25.06	22.37
EQU	0	10/05/22	08:59:44	22.19	NaN	3317.10	813.46	423.25	3.01	37.92	1016.40	-0.96	0.05	92.17	30.00	323.19	9.96	9.81	9.95	0.4190	25.00	23.19
EQU	0	10/05/22	09:01:15	22.18	NaN	3321.00	815.08	424.70	3.03	37.94	1016.30	-0.92	0.05	92.17	30.00	324.68	9.96	9.80	9.95	0.4210	25.06	23.56
EQU	0	10/05/22	09:02:46	22.19	NaN	3316.10	813.38	427.20	3.05	37.99	1016.30	-0.93	0.05	91.72	30.00	324.42	9.96	9.80	9.95	0.4190	25.06	23.81
EQU	0	10/05/22	09:04:16	22.22	NaN	3312.20	811.86	428.45	3.06	37.98	1016.30	-0.89	0.05	91.39	30.00	323.46	9.96	9.73	9.93	0.4190	25.06	23.75
EQU	0	10/05/22	09:05:47	22.25	NaN	3328.50	818.12	428.50	3.06	38.03	1016.30	-0.86	0.05	92.00	30.00	328.65	9.96	9.75	9.92	0.4180	25.12	23.81
EQU	0	10/05/22	09:07:18	22.28	NaN	3324.50	816.74	429.25	3.06	38.06	1016.30	-0.87	0.05	92.17	30.00	328.95	9.96	9.77	9.89	0.4170	25.19	24.06
EQU	0	10/05/22	09:08:49	22.32	NaN	3331.20	819.24	431.00	3.08	38.05	1016.30	-0.89	0.05	91.56	30.00	331.06	9.96	9.78	9.87	0.4160	25.19	23.37
EQU	0	10/05/22	09:10:21	22.35	NaN	3332.70	819.86	429.79	3.07	38.06	1016.30	-0.89	0.05	92.17	30.00	327.52	9.96	9.72	9.91	0.4170	25.25	22.56
EQU	0	10/05/22	09:11:52	22.37	NaN	3377.30	836.79	428.16	3.06	38.08	1016.30	-0.96	0.05	92.17	30.00	338.71	9.96	9.71	9.93	0.4190	25.25	22.12
EQU	0	10/05/22	09:13:23	22.38	NaN	3304.00	809.18	428.54	3.06	38.09	1016.20	-0.97	0.05	91.33	30.00	346.54	9.96	9.78	9.94	0.4190	25.25	22.00
ATM-DRAIN	0	10/05/22	09:18:11	22.46	NaN	2018.00	403.75	816.79	6.58	38.10	1016.20	-0.99	0.05	104.28	30.00	354.75	9.96	9.79	9.95	0.4200	25.19	21.75
ATM	0	10/05/22	09:19:59	22.46	NaN	2033.00	407.66	824.95	6.66	38.09	1016.20	-0.93	0.05	103.92	30.00	349.77	9.96	9.79	9.94	0.4190	25.19	22.81
ATM	0	10/05/22	09:21:26	22.46	NaN	2026.80	406.00	821.54	6.63	38.08	1016.30	-0.92	0.05	104.47	30.00	336.48	9.96	9.79	9.93	0.4190	25.19	23.44
EQU	0	10/05/22	09:26:48	22.38	NaN	3471.60	873.49	440.79	3.16	38.20	1016.30	-0.88	0.05	90.33	30.00	330.61	9.96	9.80	9.76	0.4120	25.25	24.19
EQU	0	10/05/22	09:28:19	22.42	NaN	3417.90	852.47	438.00	3.14	38.17	1016.40	-0.83	0.05	91.89	30.00	309.37	9.96	9.68	9.69	0.4090	25.31	24.31
EQU	0	10/05/22	09:29:49	22.44	NaN	3415.60	851.57	437.45	3.13	38.17	1016.40	-0.84	0.05	92.51	30.00	267.60	9.96	9.61	9.59	0.4050	25.31	24.44
EQU	0	10/05/22	09:31:20	22.48	NaN	3394.60	843.72	437.29	3.13	38.23	1016.30	-0.82	0.05	92.62	30.00	229.11	9.96	9.80	9.50	0.4010	25.37	24.31
EQU	0	10/05/22	09:32:51	22.50	NaN	3394.90	843.90	435.45	3.12	38.28	1016.40	-0.85	0.05	92.85	30.00	226.87	9.96	9.77	9.53	0.4020	25.37	23.19
EQU	0	10/05/22	09:34:21	22.53	NaN	3393.90	843.55	434.00	3.10	38.33	1016.50	-0.87	0.05	92.96	30.00	226.06	9.96	9.77	9.74	0.4110	25.44	22.62
EQU	0	10/05/22	09:35:52	22.54	NaN	3376.90	837.04	432.29	3.09	38.32	1016.50	-0.95	0.05	92.34	30.00	223.50	9.96	9.79	9.86	0.4160	25.44	22.31
EQU	0	10/05/22	09:37:23	22.54	NaN	3376.40	836.81	429.45	3.07	38.30	1016.40	-0.93	0.05	92.73	30.00	224.19	9.96	9.80	9.91	0.4180	25.37	22.12
EQU	0	10/05/22	09:38:55	22.54	NaN	3391.40	842.43	429.33	3.07	38.28	1016.50	-0.94	0.05	92.00	30.00	227.48	9.96	9.81	9.93	0.4180	25.37	21.94
EQU	0	10/05/22	09:40:24	22.52	NaN	3381.10	838.48	429.08	3.06	38.28	1016.50	-0.98	0.05	92.00	30.00	228.25	9.96	9.81	9.94	0.4190	25.37	21.81
EQU	0	10/05/22	09:41:54	22.50	NaN	3376.20	836.58	429.79	3.07	38.28	1016.50	-1.00	0.05	91.44	30.00	225.84	9.96	9.81	9.94	0.4190	25.31	21.81
EQU	0	10/05/22	09:43:25	22.48	NaN	3396.60	844.53	429.00	3.06	38.37	1016.60	-0.98	0.05	91.72	30.00	226.30	9.96	8.53	9.93	0.4190	25.31	22.37
EQU	0	10/05/22	09:44:57	22.46	NaN	3405.40	847.88	430.58	3.08	38.37	1016.60	-0.95	0.05	91.67	30.00	230.65	9.96	9.75	9.92	0.4180	25.25	23.31
EQU-DRAIN	0	10/05/22	09:46:26	22.46	NaN	3399.40	845.59	432.20	3.09	38.36	1016.60	-0.90	0.05	91.11	30.00	233.47	9.96	9.78	9.90	0.4160	25.31	23.69
EQU	0	10/05/22	09:48:19	22.48	NaN	3390.00	842.03	431.45	3.08	38.38	1016.60	-0.88	0.05	91.78	30.00	232.15	9.96	9.80	9.85	0.4150	25.31	24.00
EQU	0	10/05/22	09:49:50	22.49	NaN	3385.00	840.18	432.79	3.09	38.40	1016.60	-0.87	0.05	90.94	30.00	230.00	9.96	9.80	9.80	0.4140	25.31	24.12
EQU	0	10/05/22	09:51:21	22.50	NaN	3382.90	839.48	431.79	3.09	38.44	1016.60	-0.86	0.05	92.34	30.00	228.27	9.96	9.81	9.76	0.4120	25.37	24.25
EQU	0	10/05/22	09:52:51	22.52	NaN	3385.30	840.36	432.91	3.10	38.45	1016.70	-0.86	0.05	91.84	30.00	227.90	9.96	9.81	9.71	0.4090	25.37	24.37
EQU	0	10/05/22	09:54:22	22.55	NaN	3456.10	867.65	431.12	3.08	38.47	1016.70	-0.86	0.05	91.56	30.00	227.62	9.96	9.81	9.64	0.4060	25.44	24.50
EQU	0	10/05/22	09:55:53	22.58	NaN	3371.90	835.39	432.79	3.10	38.49	1016.60	-0.86	0.05	91.44	30.00	228.09	9.96	9.52	9.58	0.4040	25.44	24.19
EQU	0	10/05/22	09:57:24	22.60	NaN	3367.60	833.79	430.54	3.08	38.51	1016.60	-0.88	0.05	91.61	30.00	230.11	9.96	9.81	9.68	0.4080	25.50	23.19
EQU	0	10/05/22	09:58:54	22.63	NaN	3360.20	831.00	428.95	3.06	38.55	1016.70	-0.92	0.05	91.17	30.00	233.35	9.96	9.75	9.82	0.4140	25.50	22.69
EQU	0	10/05/22	10:00:24	22.64	NaN	3375.00	836.65	426.54	3.05	38.54	1016.70	-0.93	0.05	91.39	30.00	229.18	9.96	9.80	9.90	0.4170	25.50	22.50
EQU	0	10/05/22	10:01:54	22.64	NaN	3374.30	836.40	424.79	3.03	38.57	1016.70	-0.94	0.05	91.28	30.00	230.29	9.96	9.81	9.92	0.4190	25.50	22.25
EQU	0	10/05/22	10:03:25	22.62	NaN	3379.10	838.24	423.70	3.02	38.59	1016.70	-0.95	0.05	91.00	30.00	225.87	9.96	9.81	9.94	0.4180	25.44	22.06
EQU	0	10/05/22	10:04:56	22.61	NaN	3368.10	833.94	423.54	3.02	38.56	1016.70	-0.96	0.05	91.00	30.00	224.95	9.96	9.81	9.94	0.4190	25.44	22.19
EQU	0	10/05/22	10:06:27	22.59	NaN	3353.50	828.33	423.66	3.02	38.54	1016.70	-0.98	0.05	91.05	30.00	219.57	9.96	9.81	9.92	0.4170	25.37	22.87
EQU	0	10/05/22	10:07:58	22.58	NaN	3380.40	838.78	424.58	3.03	38.61	1016.70	-0.93	0.05	91.11	30.00	221.92	9.96	9.80	9.91	0.4180	25.37	23.56
EQU	0	10/05/22	10:09:29	22.57	NaN	3370.90	835.09	427.04	3.05	38.59	1016.70	-0.89	0.05	90.94	30.00	225.49	9.96	9.73	9.89	0.4160	25.37	23.94
EQU	0	10/05/22	10:11:00	22.58	NaN	3371.90	835.56	428.79	3.06	38.60	1016.70	-0.89	0.05	91.11	30.00	227.79	9.96	9.81	9.85	0.4160	25.44	24.25
EQU	0	10/05/22	10:12:31	22.59	NaN	3365.70	833.14	431.54	3.09	38.60	1016.80	-0.87	0.05	90.94	30.00	225.38	9.96	9.78	9.81	0.4140	25.44	24.31
EQU	0	10/05/22	10:14:02	22.61	NaN	3432.50	858.86	430.83	3.08	38.64	1016.80	-0.86	0.05	90.89	30.00	222.24	9.96	9.73	9.77	0.4110	25.50	24.50
EQU	0	10/05/22	10:15:33	22.63	NaN	3362.00	831.88	435.45	3.12	38.64	1016.80	-0.84	0.05	90.00	30.00	220.26	9.96	9.79	9.73	0.4100	25.50	24.62
EQU-DRAIN	0	10/05/22	10:17:04	22.66	NaN	3366.10	833.54	433.37	3.10	38.67	1016.70	-0.82	0.05	91.44	30.00	220.08	9.96	9.81	9.69	0.4090	25.56	24.31
EQU	0	10/05/22	10:18:56	22.70	NaN	3361.20	831.65	430.83	3.08	38.69	1016.80	-0.87	0.05	91.28	30.00	219.97	9.96	9.77	9.79	0.4120	25.56	23.19
EQU	0	10/05/22	10:20:28	22.71	NaN	3361.60	831.77	426.50	3.05	38.71	1016.80	-0.90	0.05	92.12	30.00	221.53	9.96	9.81	9.87	0.4160	25.56	22.75
EQU	0	10/05/22	10:21:59	22.72	NaN	3361.70	831.84	423.79	3.02	38.74	1016.90	-0.92	0.05	91.72	30.00	223.42	9.96	9.82	9.92	0.4180	25.56	22.50
EQU	0	10/05/22	10:23:30	22.71	NaN	3361.20	831.68	421.20	3.00	38.75	1016.80	-0.93	0.05	91.44	30.00	225.83	9.96	9.81	9.93	0.4180	25.56	22.37
EQU	0	10/05/22	10:25:01	22.70	NaN	3360.60	831.45	417.50	2.97	38.76	1016.80	-0.93	0.05	91.56	30.00	225.44	9.96	9.82	9.94	0.4190	25.56	22.12
EQU	0	10/05/22	10:26:33	22.68	NaN	3361.40	831.68	416.00	2.96	38.75	1016.90	-0.95	0.05	91.00	30.00	225.51	9.96	9.82	9.94	0.4190	25.50	22.00
EQU	0	10/05/22	10:28:03	22.66	NaN	3353.00	828.54	415.45	2.96	38.76	1016.90	-0.97	0.05	90.83	30.00	229.25	9.96	9.82	9.94	0.4190	25.44	22.62
EQU	0	10/05/22	10:29:33	22.65	NaN	3346.00	825.82	416.95	2.97	38.76	1016.90	-0.94	0.05	90.89	30.00	226.97	9.96	9.82	9.93	0.4180	25.44	23.44
EQU	0	10/05/22	10:31:05	22.64	NaN	3340.50	714.54	418.87	2.98	38.78	1017.00	-0.91	0.05	90.61	30.00	222.42	9.96	9.82	9.91	0.4170	25.44	23.87
EQU	0	10/05/22	10:32:36	22.64	NaN	3371.30	724.59	417.95	2.98	38.78	1017.00	-0.85	0.05	91.50	30.00	220.38	9.96	9.82	9.89	0.4160	25.50	24.25
EQU	0	10/05/22	10:34:07	22.65	NaN	3361.10	721.17	418.45	2.98	38.76	1017.00	-0.87	0.05	91.44	30.00	226.09	9.96	9.81	9.86	0.4150	25.50	24.19
EQU	0	10/05/22	10:35:37	22.67	NaN	3351.60	718.15	418.29	2.98	38.77	1017.00	-0.87	0.05	91.89	30.00	229.44	9.96	9.82	9.85	0.4150	25.50	24.12
EQU	0	10/05/22	10:37:08	22.69	NaN	3364.80	722.46	418.41	2.98	38.78	1017.00	-0.87	0.05	91.00	30.00	226.44	9.96	9.83	9.84	0.4140	25.56	23.94
EQU	0	10/05/22	10:38:39	22.72	NaN	3357.50	720.11	417.62	2.97	38.83	1017.10	-0.86	0.05	91.56	30.00	221.15	9.96	9.80	9.82	0.4140	25.62	23.87
EQU	0	10/05/22	10:40:10	22.74	NaN	3351.30	718.12	415.95	2.96	38.84	1017.10	-0.87	0.05	91.00	30.00	219.98	9.96	9.80	9.87	0.4160	25.62	23.37
EQU	0	10/05/22	10:41:41	22.76	NaN	3363.00	721.92	413.25	2.94	38.85	1017.10	-0.92	0.05	91.33	30.00	224.30	9.96	9.82	9.92	0.4180	25.62	23.00
EQU	0	10/05/22	10:43:11	22.76	NaN	3371.50	724.68	411.83	2.93	38.85	1017.10	-0.78	0.05	90.22	30.00	224.03	9.96	9.82	9.94	0.4180	25.62	22.75
EQU	0	10/05/22	10:44:42	22.76	NaN	3372.20	724.87	411.79	2.93	38.85	1017.10	-0.96	0.05	90.72	30.00	222.20	9.96	9.81	9.94	0.4180	25.56	22.56
EQU	0	10/05/22	10:46:14	22.75	NaN	3372.60	724.91	410.66	2.92	38.84	1017.20	-0.98	0.05	91.44	30.00	222.83	9.96	9.81	9.95	0.4200	25.56	22.31
EQU-DRAIN	0	10/05/22	10:47:44	22.73	NaN	3376.80	726.21	411.54	2.92	38.84	1017.20	-1.00	0.05	90.89	30.00	223.55	9.96	9.77	9.95	0.4190	25.56	22.31
EQU	0	10/05/22	10:49:36	22.71	NaN	3384.40	728.70	410.70	2.92	38.83	1017.20	-1.01	0.05	91.17	30.00	225.29	9.96	9.77	9.96	0.4200	25.50	21.87
EQU	0	10/05/22	10:51:07	22.68	NaN	3382.20	728.02	412.62	2.93	38.84	1017.20	-1.03	0.05	90.83	30.00	226.04	9.96	9.80	9.96	0.4190	25.44	22.06
EQU	0	10/05/22	10:52:38	22.65	NaN	3374.40	725.33	413.45	2.94	38.81	1017.30	-1.01	0.05	92.40	30.00	224.90	9.96	9.81	9.95	0.4190	25.37	22.62
EQU	0	10/05/22	10:54:09	22.62	NaN	3368.70	723.38	418.41	2.98	38.78	1017.30	-0.99	0.05	92.12	30.00	221.08	9.96	9.81	9.95	0.4190	25.37	23.31
EQU	0	10/05/22	10:55:41	22.61	NaN	3397.70	732.77	422.08	3.01	38.77	1017.40	-0.96	0.05	91.33	30.00	219.72	9.96	9.82	9.95	0.4190	25.31	23.69
EQU	0	10/05/22	10:57:10	22.60	NaN	3388.50	729.89	423.12	3.02	38.83	1017.40	-0.96	0.05	91.33	30.00	221.08	9.96	9.81	9.94	0.4190	25.31	23.94
ATM	0	10/05/22	11:01:58	22.78	NaN	2050.90	360.16	797.00	6.39	38.79	1017.50	-0.96	0.05	92.68	30.00	235.75	9.96	9.81	9.94	0.4180	25.37	23.00
ATM	0	10/05/22	11:03:26	22.81	NaN	2023.00	353.74	792.95	6.35	38.80	1017.50	-0.99	0.05	92.34	30.00	243.73	9.96	9.80	9.95	0.4190	25.37	22.69
ATM	0	10/05/22	11:04:53	22.82	NaN	2062.00	362.62	789.70	6.32	38.76	1017.50	-1.00	0.05	92.68	30.00	245.08	9.96	9.81	9.95	0.4190	25.31	22.44
EQU	0	10/05/22	11:10:16	22.60	NaN	3543.00	780.81	408.87	2.90	38.74	1017.60	-1.08	0.05	91.00	30.00	218.85	9.96	9.82	9.96	0.4190	25.25	21.87
EQU	0	10/05/22	11:11:47	22.59	NaN	3490.00	762.87	405.95	2.88	38.72	1017.60	-1.08	0.05	92.12	30.00	218.58	9.96	9.80	9.96	0.4190	25.19	21.81
EQU	0	10/05/22	11:13:18	22.56	NaN	3491.50	763.31	406.12	2.88	38.72	1017.70	-1.09	0.05	92.40	30.00	219.03	9.96	9.78	9.96	0.4190	25.12	22.12
EQU	0	10/05/22	11:14:50	22.53	NaN	3487.10	761.90	408.25	2.90	38.73	1017.70	-1.06	0.05	90.89	30.00	218.57	9.96	9.82	9.95	0.4190	25.12	22.62
EQU	0	10/05/22	11:16:20	22.51	NaN	3485.90	761.48	407.66	2.89	38.74	1017.70	-1.04	0.05	92.79	30.00	219.15	9.96	9.83	9.95	0.4190	25.12	23.12
EQU-DRAIN	0	10/05/22	11:17:51	22.50	NaN	3479.50	759.18	408.75	2.90	38.66	1017.70	-1.04	0.05	92.85	30.00	223.67	9.96	9.82	9.95	0.4190	25.12	23.50
EQU	0	10/05/22	11:19:43	22.51	NaN	3475.90	757.96	411.66	2.92	38.66	1017.70	-0.95	0.05	92.57	30.00	229.20	9.96	9.75	9.94	0.4190	25.12	23.75
EQU	0	10/05/22	11:21:14	22.50	NaN	3465.00	754.27	415.04	2.95	38.65	1017.70	-0.98	0.05	92.57	30.00	232.55	9.96	9.70	9.94	0.4180	25.12	24.06
EQU	0	10/05/22	11:22:45	22.51	NaN	3461.80	753.24	418.70	2.98	38.66	1017.80	-1.00	0.05	91.67	30.00	232.15	9.96	9.77	9.92	0.4170	25.19	23.31
EQU	0	10/05/22	11:24:17	22.52	NaN	3462.50	753.47	416.75	2.96	38.68	1017.80	-1.00	0.05	92.62	30.00	231.72	9.96	9.77	9.93	0.4180	25.19	22.81
EQU	0	10/05/22	11:25:48	22.53	NaN	3462.50	753.32	418.70	2.98	38.63	1017.80	-1.05	0.05	91.89	30.00	231.59	9.96	8.98	9.95	0.4180	25.19	22.37
EQU	0	10/05/22	11:27:18	22.52	NaN	3462.70	753.37	417.04	2.97	38.64	1017.90	-1.07	0.05	92.51	30.00	231.34	9.96	9.31	9.95	0.4190	25.12	22.31
EQU	0	10/05/22	11:28:49	22.51	NaN	3453.10	750.09	416.70	2.96	38.61	1017.90	-1.07	0.05	92.57	30.00	231.45	9.96	9.76	9.95	0.4190	25.12	22.25
EQU	0	10/05/22	11:30:20	22.50	NaN	3440.20	745.84	416.95	2.96	38.62	1017.90	-1.08	0.05	92.62	30.00	231.10	9.96	9.73	9.95	0.4190	25.12	22.12
EQU	0	10/05/22	11:31:51	22.49	NaN	3456.20	751.09	418.62	2.98	38.60	1017.90	-1.09	0.05	92.12	30.00	230.95	9.96	9.77	9.95	0.4200	25.12	21.94
EQU	0	10/05/22	11:33:22	22.48	NaN	3439.30	745.67	419.66	2.99	38.65	1017.80	-1.10	0.05	91.61	30.00	230.54	9.96	9.79	9.96	0.4200	25.06	21.75
EQU	0	10/05/22	11:34:52	22.45	NaN	3528.10	775.16	417.29	2.97	38.61	1017.90	-1.11	0.05	92.45	30.00	230.91	9.96	9.81	9.96	0.4200	25.06	21.75
EQU	0	10/05/22	11:36:23	22.43	NaN	3445.50	747.44	418.79	2.98	38.56	1017.90	-1.15	0.05	92.23	30.00	231.30	9.96	9.81	9.96	0.4190	25.06	21.62
EQU	0	10/05/22	11:37:54	22.40	NaN	3437.70	744.76	418.83	2.98	38.54	1017.90	-1.17	0.05	92.28	30.00	231.83	9.96	9.80	9.96	0.4200	25.00	21.56
EQU	0	10/05/22	11:39:25	22.38	NaN	3459.10	751.87	418.70	2.98	38.54	1017.90	-1.14	0.05	92.45	30.00	230.82	9.96	9.82	9.96	0.4200	25.00	21.87
EQU	0	10/05/22	11:40:55	22.35	NaN	3453.00	749.72	420.04	2.99	38.49	1017.90	-1.16	0.05	92.51	30.00	230.12	9.96	9.82	9.95	0.4190	24.94	22.56
EQU	0	10/05/22	11:42:26	22.33	NaN	3450.30	748.63	421.04	3.00	38.45	1018.00	-1.11	0.05	92.68	30.00	229.57	9.96	9.82	9.95	0.4190	24.94	23.12
EQU	0	10/05/22	11:43:58	22.33	NaN	3452.50	749.50	423.45	3.02	38.49	1018.00	-1.08	0.05	93.13	30.00	229.68	9.96	9.82	9.95	0.4190	24.94	23.37
EQU	0	10/05/22	11:45:29	22.32	NaN	3476.90	757.52	425.79	3.03	38.46	1018.00	-1.00	0.05	92.23	30.00	229.39	9.96	9.82	9.95	0.4190	24.94	23.62
EQU	0	10/05/22	11:47:00	22.33	NaN	3458.90	751.55	428.08	3.05	38.46	1018.00	-1.05	0.05	92.57	30.00	229.50	9.96	9.82	9.94	0.4180	25.00	22.75
EQU-DRAIN	0	10/05/22	11:48:31	22.33	NaN	3455.40	750.23	427.91	3.05	38.42	1018.10	-1.08	0.05	92.68	30.00	229.19	9.96	9.82	9.95	0.4190	25.00	22.44
EQU	0	10/05/22	11:50:23	22.35	NaN	3449.00	748.14	426.29	3.04	38.44	1018.10	-1.11	0.05	92.45	30.00	228.53	9.96	9.82	9.95	0.4190	25.00	22.19
EQU	0	10/05/22	11:51:55	22.33	NaN	3446.20	747.13	426.04	3.04	38.42	1018.10	-1.14	0.05	93.02	30.00	226.21	9.96	9.82	9.95	0.4190	25.00	21.87
EQU	0	10/05/22	11:53:26	22.31	NaN	3450.10	748.45	425.50	3.03	38.38	1018.00	-1.14	0.05	92.34	30.00	222.33	9.96	9.82	9.96	0.4190	24.94	21.94
EQU	0	10/05/22	11:54:56	22.30	NaN	3456.70	750.55	425.91	3.03	38.38	1018.10	-1.17	0.05	92.34	30.00	220.25	9.96	9.60	9.96	0.4190	24.94	21.75
EQU	0	10/05/22	11:56:25	22.28	NaN	3453.80	749.43	426.33	3.04	38.36	1018.20	-1.18	0.05	92.40	30.00	219.84	9.96	9.79	9.96	0.4190	24.94	21.75
EQU	0	10/05/22	11:57:57	22.27	NaN	3452.00	748.80	424.66	3.02	38.36	1018.20	-1.20	0.05	92.68	30.00	219.42	9.96	9.80	9.96	0.4180	24.94	21.62
EQU	0	10/05/22	11:59:28	22.25	NaN	3442.50	745.61	423.70	3.02	38.35	1018.20	-1.20	0.05	92.85	30.00	221.71	9.96	9.81	9.96	0.4190	24.87	21.44
EQU	0	10/05/22	12:00:59	22.23	NaN	3431.10	741.68	423.62	3.01	38.31	1018.30	-1.25	0.05	92.34	30.00	224.94	9.96	9.75	9.96	0.4200	24.87	21.31
EQU	0	10/05/22	12:02:30	22.21	NaN	3448.70	747.42	422.62	3.01	38.28	1018.30	-1.25	0.05	92.45	30.00	227.07	9.96	9.60	9.96	0.4190	24.81	21.44
EQU	0	10/05/22	12:04:00	22.19	NaN	3432.40	741.94	422.70	3.01	38.27	1018.30	-1.26	0.05	92.28	30.00	226.53	9.96	9.81	9.96	0.4200	24.81	21.44
EQU	0	10/05/22	12:05:31	22.17	NaN	3449.10	747.33	421.75	3.00	38.24	1018.30	-1.27	0.05	92.45	30.00	224.81	9.96	9.82	9.96	0.4210	24.75	21.44
EQU	0	10/05/22	12:07:02	22.15	NaN	3515.50	769.34	419.50	2.98	38.20	1018.40	-1.25	0.05	92.73	30.00	225.54	9.96	9.72	9.96	0.4200	24.75	21.50
EQU	0	10/05/22	12:08:33	22.15	NaN	3442.40	744.90	420.54	2.99	38.16	1018.40	-1.23	0.05	92.06	30.00	226.06	9.96	9.70	9.95	0.4190	24.75	22.19
EQU	0	10/05/22	12:10:04	22.15	NaN	3447.90	746.70	423.20	3.01	38.17	1018.40	-1.14	0.05	92.28	30.00	220.32	9.96	9.71	9.95	0.4190	24.75	22.94
EQU	0	10/05/22	12:11:36	22.17	NaN	3448.30	746.92	425.00	3.02	38.20	1018.40	-1.10	0.05	91.56	30.00	220.53	9.96	9.64	9.95	0.4190	24.75	23.44
EQU	0	10/05/22	12:13:07	22.20	NaN	3449.90	747.29	425.50	3.03	38.13	1018.40	-1.08	0.05	91.39	30.00	222.11	9.96	9.80	9.95	0.4190	24.75	22.56
EQU	0	10/05/22	12:14:37	22.22	NaN	3447.50	746.55	423.91	3.01	38.14	1018.40	-1.14	0.05	91.89	30.00	228.62	9.96	9.82	9.95	0.4200	24.81	22.12
EQU	0	10/05/22	12:16:08	22.23	NaN	3432.30	741.37	421.04	2.99	38.10	1018.40	-1.17	0.05	92.00	30.00	228.69	9.96	9.82	9.95	0.4190	24.81	21.87
EQU	0	10/05/22	12:17:39	22.24	NaN	3432.90	741.60	419.70	2.98	38.13	1018.50	-1.16	0.05	92.17	30.00	229.77	9.96	9.80	9.95	0.4190	24.81	21.94
EQU-DRAIN	0	10/05/22	12:19:10	22.26	NaN	3425.20	739.00	418.58	2.97	38.13	1018.50	-1.19	0.05	92.00	30.00	230.53	9.96	9.80	9.95	0.4190	24.81	21.87
EQU	0	10/05/22	12:21:02	22.31	NaN	3503.30	764.78	414.58	2.94	38.11	1018.60	-1.23	0.05	91.95	30.00	232.86	9.96	9.73	9.95	0.4200	24.81	22.06
EQU	0	10/05/22	12:22:33	22.33	NaN	3427.50	739.55	415.04	2.94	38.09	1018.60	-1.23	0.05	92.34	30.00	231.25	9.96	9.79	9.95	0.4200	24.81	21.56
EQU	0	10/05/22	12:24:04	22.34	NaN	3411.80	734.42	416.16	2.95	38.12	1018.60	-1.26	0.05	92.17	30.00	232.08	9.96	9.82	9.96	0.4200	24.81	21.56
EQU	0	10/05/22	12:25:36	22.33	NaN	3415.80	735.60	417.25	2.96	38.05	1018.60	-1.23	0.05	92.12	30.00	239.08	9.96	9.82	9.96	0.4190	24.81	21.50
EQU	0	10/05/22	12:27:07	22.31	NaN	3402.20	731.16	416.91	2.96	38.07	1018.70	-1.20	0.05	93.02	30.00	267.44	9.96	9.82	9.96	0.4200	24.81	21.37
EQU	0	10/05/22	12:28:36	22.29	NaN	3411.30	734.11	416.70	2.95	38.04	1018.60	-1.25	0.05	92.96	30.00	293.42	9.96	9.82	9.96	0.4200	24.81	21.19
EQU	0	10/05/22	12:30:06	22.26	NaN	3395.40	728.75	415.33	2.94	37.99	1018.70	-1.29	0.05	92.28	30.00	310.33	9.96	9.82	9.96	0.4200	24.81	21.19
EQU	0	10/05/22	12:31:37	22.23	NaN	3409.00	733.36	412.37	2.92	38.02	1018.60	-1.29	0.05	92.28	30.00	310.64	9.96	9.81	9.96	0.4200	24.75	21.06
EQU	0	10/05/22	12:33:09	22.21	NaN	3409.80	733.38	410.79	2.91	37.97	1018.60	-1.23	0.05	92.40	30.00	311.80	9.96	9.81	9.96	0.4210	24.75	21.44
EQU	0	10/05/22	12:34:40	22.18	NaN	3396.80	729.17	408.04	2.88	37.98	1018.60	-1.27	0.05	92.68	30.00	313.27	9.96	9.83	9.96	0.4190	24.75	21.19
EQU	0	10/05/22	12:36:11	22.16	NaN	3388.50	726.31	406.66	2.87	37.93	1018.70	-1.24	0.05	92.45	30.00	313.57	9.96	9.81	9.95	0.4210	24.75	21.62
EQU	0	10/05/22	12:37:42	22.14	NaN	3452.90	747.31	404.91	2.86	37.90	1018.70	-1.21	0.05	91.89	30.00	312.83	9.96	9.83	9.95	0.4200	24.75	22.44
EQU	0	10/05/22	12:39:13	22.13	NaN	3379.70	723.35	408.83	2.89	37.90	1018.70	-1.12	0.05	92.12	30.00	312.83	9.96	9.83	9.94	0.4190	24.75	23.06
EQU	0	10/05/22	12:40:44	22.14	NaN	3387.30	725.92	411.58	2.91	37.92	1018.70	-1.05	0.05	92.40	30.00	313.19	9.96	9.83	9.93	0.4180	24.81	23.62
ATM	0	10/05/22	12:45:32	22.32	NaN	1990.00	343.77	790.54	6.28	37.11	1018.80	-1.23	0.05	91.17	30.00	315.15	9.96	9.81	9.94	0.4190	24.87	23.50
ATM	0	10/05/22	12:47:00	22.35	NaN	2001.60	346.03	779.83	6.17	36.83	1018.80	-1.29	0.05	90.83	30.00	315.26	9.96	9.83	9.94	0.4200	24.87	23.50
ATM-DRAIN	0	10/05/22	12:48:26	22.37	NaN	2006.60	346.69	782.70	6.19	36.42	1018.80	-1.32	0.05	91.22	30.00	315.79	9.96	9.83	9.94	0.4190	24.81	23.31
EQU	0	10/05/22	12:54:10	22.30	NaN	3515.80	761.15	409.58	2.87	35.12	1018.90	-1.50	0.05	92.17	30.00	320.49	9.96	9.79	9.95	0.4200	24.56	22.69
EQU	0	10/05/22	12:55:41	22.31	NaN	3469.50	745.09	407.08	2.85	34.79	1018.90	-1.53	0.05	93.87	30.00	320.20	9.96	9.83	9.95	0.4210	24.50	22.56
EQU	0	10/05/22	12:57:12	22.30	NaN	3524.70	762.79	408.29	2.85	34.56	1018.90	-1.55	0.05	93.87	30.00	320.00	9.96	9.84	9.95	0.4210	24.37	22.44
EQU	0	10/05/22	12:58:43	22.29	NaN	3449.80	737.40	409.95	2.86	34.30	1018.90	-1.59	0.05	93.87	30.00	319.75	9.96	9.84	9.95	0.4210	24.31	22.50
EQU	0	10/05/22	13:00:13	22.28	NaN	3434.70	731.87	411.33	2.87	34.07	1019.00	-1.49	0.05	94.15	30.00	320.65	9.96	9.84	9.95	0.4210	24.25	22.69
EQU	0	10/05/22	13:01:44	22.27	NaN	3435.40	731.62	413.87	2.89	33.85	1019.00	-1.52	0.05	93.58	30.00	321.55	9.96	9.83	9.95	0.4210	24.19	22.75
EQU	0	10/05/22	13:03:15	22.26	NaN	3418.20	725.39	416.58	2.91	33.57	1019.00	-1.47	0.05	93.75	30.00	322.34	9.96	9.83	9.95	0.4210	24.12	22.69
EQU	0	10/05/22	13:04:46	22.26	NaN	3420.70	725.73	418.12	2.92	33.39	1019.00	-1.46	0.05	94.15	30.00	320.15	9.96	9.83	9.95	0.4210	24.06	22.75
EQU	0	10/05/22	13:06:17	22.25	NaN	3424.40	726.46	419.54	2.93	33.17	1019.00	-1.54	0.05	93.98	30.00	318.47	9.96	9.83	9.95	0.4210	24.06	22.69
EQU	0	10/05/22	13:07:48	22.25	NaN	3425.20	726.44	421.04	2.94	33.06	1019.00	-1.54	0.05	94.09	30.00	317.16	9.96	9.80	9.95	0.4220	24.00	22.56
EQU	0	10/05/22	13:09:19	22.25	NaN	3429.00	727.14	422.87	2.95	32.84	1019.00	-1.55	0.05	94.21	30.00	317.11	9.95	9.82	9.95	0.4220	23.94	22.56
EQU	0	10/05/22	13:10:51	22.25	NaN	3420.90	724.02	424.83	2.97	32.63	1019.00	-1.59	0.05	93.98	30.00	317.21	9.96	9.80	9.95	0.4230	23.94	22.56
EQU	0	10/05/22	13:12:22	22.26	NaN	3467.70	739.00	425.95	2.97	32.51	1018.90	-1.51	0.05	93.70	30.00	317.25	9.95	9.84	9.95	0.4220	23.87	22.75
EQU	0	10/05/22	13:13:53	22.26	NaN	3409.80	719.84	428.20	2.99	32.34	1019.00	-1.49	0.05	94.26	30.00	317.44	9.95	9.85	9.95	0.4220	23.81	22.75
EQU	0	10/05/22	13:15:24	22.27	NaN	3409.30	719.61	432.75	3.03	32.31	1019.00	-1.27	0.05	94.26	30.00	317.67	9.95	9.85	9.94	0.4220	23.81	22.81
EQU	0	10/05/22	13:16:55	23.21	NaN	3407.90	718.64	435.66	3.05	32.12	1019.00	-1.38	0.05	94.55	30.00	317.76	9.96	9.84	9.94	0.4220	23.81	22.87
SHUT DOWN	0	10/05/22	13:17:02
