Type	error	PC Date	PC Time	equ temp	std val	CO2 mv	CO2 um/m	H2O mv	H2O mm/m	licor temp	licor press	equ press	H2O flow	licor flow	equ pump	vent flow	atm cond	equ cond	drip 1	drip 2	cond temp	dry box temp
STD1z	0	11/05/22	12:49:28	23.91	0.00	-44.20	-5.92	11.29	0.07	32.16	1021.10	-0.61	2.55	66.26	30.00	215.63	9.96	9.91	6.83	0.2930	25.56	25.87
STD3s	0	11/05/22	12:54:18	25.34	0.00	5030.70	1359.40	11.12	0.07	32.26	1021.00	-1.31	2.63	67.10	30.00	224.68	9.96	9.90	8.20	0.3490	25.75	25.25
STD1	0	11/05/22	12:59:05	25.59	0.00	-44.10	0.01	7.75	0.05	32.22	1021.10	-0.94	2.22	66.26	30.00	223.25	9.96	9.90	9.70	0.4100	25.75	24.69
STD1	0	11/05/22	13:00:31	25.75	0.00	-44.92	-0.10	7.12	0.04	32.21	1021.20	-0.72	2.90	66.17	30.00	226.13	9.96	9.90	9.78	0.4130	25.75	24.62
STD1	0	11/05/22	13:01:58	25.82	0.00	-45.33	-0.16	7.00	0.04	32.16	1021.20	-1.02	2.95	66.26	30.00	220.63	9.96	9.91	9.85	0.4160	25.75	24.50
STD2	0	11/05/22	13:06:45	25.74	608.37	3030.40	672.26	10.17	0.06	32.11	1021.30	-1.03	3.08	67.33	30.00	226.97	9.96	9.91	9.87	0.4170	25.69	24.44
STD2	0	11/05/22	13:08:13	25.74	608.37	3029.50	672.02	12.33	0.07	32.12	1021.30	-1.23	3.09	66.40	30.00	221.97	9.96	9.91	9.82	0.4150	25.69	24.75
STD2	0	11/05/22	13:09:40	25.76	608.37	3026.10	670.99	13.04	0.08	32.17	1021.30	-0.97	2.69	66.03	30.00	225.22	9.96	9.91	9.76	0.4120	25.69	25.12
STD3	0	11/05/22	13:14:27	26.13	1514.51	5006.10	1501.40	8.96	0.05	32.37	1021.40	-0.71	2.70	66.96	30.00	216.67	9.96	9.91	9.68	0.4080	25.87	25.75
STD3-DRAIN	0	11/05/22	13:15:54	26.23	1514.51	5003.80	1500.80	11.29	0.07	32.45	1021.30	-0.43	2.66	66.77	30.00	214.45	9.96	9.91	9.66	0.4090	25.94	25.94
STD3	0	11/05/22	13:17:42	26.30	1514.51	4986.80	1491.70	10.83	0.07	32.42	1021.40	-1.05	2.66	66.54	30.00	213.40	9.96	9.91	9.78	0.4120	26.00	25.56
ATM	0	11/05/22	13:22:30	26.15	NaN	2021.60	384.99	818.08	6.44	32.39	1021.30	-0.98	2.45	95.12	30.00	255.23	9.96	9.91	9.92	0.4170	26.00	24.69
ATM	0	11/05/22	13:23:57	26.16	NaN	2008.50	381.56	810.37	6.36	32.27	1021.30	-0.92	2.48	94.89	30.00	275.75	9.96	9.91	9.93	0.4180	26.00	24.37
ATM	0	11/05/22	13:25:23	26.30	NaN	2023.30	385.11	801.75	6.28	32.21	1021.30	-0.85	2.48	95.12	30.00	277.81	9.96	9.91	9.94	0.4190	25.94	24.25
EQU	0	11/05/22	13:30:45	26.19	NaN	1825.70	336.36	413.54	2.87	32.13	1021.20	-0.81	2.27	90.44	30.00	315.47	9.96	9.91	9.93	0.4180	25.75	24.31
EQU	0	11/05/22	13:32:15	26.33	NaN	1765.20	322.38	413.04	2.86	32.19	1021.20	-0.95	2.46	93.02	30.00	291.83	9.96	9.91	9.93	0.4180	25.75	24.75
EQU	0	11/05/22	13:33:47	26.57	NaN	1680.90	303.32	416.41	2.89	32.26	1021.30	-0.58	3.07	92.28	30.00	249.96	9.96	9.91	9.91	0.4190	25.81	25.12
EQU	0	11/05/22	13:35:18	26.58	NaN	1604.10	286.45	419.58	2.92	32.34	1021.20	-0.70	3.08	92.62	30.00	230.26	9.96	9.91	9.90	0.4170	25.87	25.44
EQU	0	11/05/22	13:36:49	26.55	NaN	1659.20	298.68	419.33	2.91	32.40	1021.10	-1.04	3.05	92.79	30.00	222.30	9.96	9.91	9.89	0.4160	25.94	25.69
EQU	0	11/05/22	13:38:20	26.62	NaN	1678.00	302.95	418.16	2.91	32.49	1021.20	-1.00	3.04	93.75	30.00	221.62	9.96	9.90	9.88	0.4160	26.00	25.87
EQU	0	11/05/22	13:39:50	26.61	NaN	1687.40	305.08	414.29	2.88	32.51	1021.20	-0.78	3.08	92.85	30.00	220.84	9.96	9.90	9.89	0.4170	26.06	25.69
EQU	0	11/05/22	13:41:21	26.62	NaN	1690.10	305.59	401.83	2.78	32.44	1021.20	-0.93	2.99	93.30	30.00	236.68	9.96	9.90	9.92	0.4180	26.12	25.25
EQU	0	11/05/22	13:42:51	26.63	NaN	1682.50	303.87	395.29	2.73	32.43	1021.10	-0.97	3.07	91.72	30.00	274.08	9.96	9.90	9.93	0.4190	26.12	25.00
EQU	0	11/05/22	13:44:21	26.57	NaN	1706.70	309.28	392.54	2.70	32.40	1021.10	-1.22	3.07	90.50	30.00	311.73	9.96	9.90	9.94	0.4190	26.06	24.69
EQU-DRAIN	0	11/05/22	13:45:52	26.56	NaN	1780.80	326.22	389.75	2.68	32.42	1021.10	-1.29	3.08	94.95	30.00	333.08	9.96	9.90	9.94	0.4180	26.06	24.50
EQU	0	11/05/22	13:47:43	26.63	NaN	1769.00	323.37	385.25	2.65	32.30	1021.00	-1.32	3.07	94.32	30.00	332.02	9.96	9.90	9.94	0.4190	26.00	24.12
EQU	0	11/05/22	13:49:14	26.72	NaN	1724.30	313.16	384.41	2.64	32.25	1021.00	-0.74	2.92	92.34	30.00	332.06	9.96	9.90	9.95	0.4190	25.94	23.87
EQU	0	11/05/22	13:50:44	26.76	NaN	1682.30	303.55	384.41	2.64	32.18	1021.10	-0.74	2.80	91.56	30.00	331.11	9.96	9.90	9.95	0.4190	25.87	23.81
EQU	0	11/05/22	13:52:15	26.78	NaN	1633.20	292.65	386.16	2.65	32.15	1021.00	-1.46	2.97	92.96	30.00	331.31	9.96	9.90	9.95	0.4190	25.87	23.87
EQU	0	11/05/22	13:53:45	26.78	NaN	1607.10	286.88	387.45	2.66	32.12	1021.10	-0.95	3.09	93.41	30.00	331.26	9.96	9.90	9.94	0.4190	25.81	24.25
EQU	0	11/05/22	13:55:17	26.82	NaN	1608.10	287.17	392.83	2.71	32.16	1021.00	-1.08	3.09	94.04	30.00	334.25	9.96	9.90	9.93	0.4190	25.81	24.75
EQU	0	11/05/22	13:56:47	26.89	NaN	1559.70	276.76	399.29	2.76	32.27	1021.00	-1.23	3.11	89.89	30.00	298.40	9.96	9.89	9.91	0.4180	25.87	25.19
EQU	0	11/05/22	13:58:18	26.98	NaN	1543.00	273.21	402.62	2.78	32.33	1021.10	-1.08	2.93	94.09	30.00	257.46	9.96	9.90	9.89	0.4170	25.94	25.56
EQU	0	11/05/22	13:59:48	27.02	NaN	1548.50	274.54	402.54	2.78	32.49	1021.10	-0.71	3.09	93.19	30.00	232.86	9.96	9.90	9.88	0.4160	26.00	25.69
EQU	0	11/05/22	14:01:19	27.03	NaN	1558.10	276.56	396.58	2.74	32.46	1021.10	-1.14	3.00	93.81	30.00	227.79	9.96	9.91	9.89	0.4160	26.06	25.50
EQU	0	11/05/22	14:02:49	27.01	NaN	1577.30	280.65	385.50	2.65	32.43	1021.10	-0.47	3.11	95.70	30.00	251.00	9.96	9.91	9.91	0.4170	26.06	25.06
EQU	0	11/05/22	14:04:19	27.08	NaN	1609.20	257.23	376.83	2.58	32.42	1021.00	-0.76	3.14	94.89	30.00	269.30	9.96	9.91	9.92	0.4170	26.06	24.87
EQU	0	11/05/22	14:05:50	27.05	NaN	1655.00	266.25	373.00	2.55	32.39	1021.10	-1.11	3.05	92.17	30.00	285.72	9.96	9.91	9.93	0.4180	26.06	24.62
EQU	0	11/05/22	14:07:20	27.04	NaN	1746.40	284.72	368.12	2.52	32.37	1021.10	-0.79	3.12	95.58	30.00	316.98	9.96	9.91	9.94	0.4190	26.06	24.31
EQU	0	11/05/22	14:08:51	26.97	NaN	1750.90	285.56	366.08	2.50	32.30	1021.10	-0.97	3.10	92.17	30.00	354.53	9.96	9.91	9.93	0.4180	26.00	24.37
EQU	0	11/05/22	14:10:22	26.86	NaN	1762.60	287.89	366.79	2.50	32.18	1021.00	-0.45	2.64	89.72	30.00	357.67	9.96	9.91	9.94	0.4190	25.94	24.12
EQU	0	11/05/22	14:11:52	27.17	NaN	1750.30	285.36	366.33	2.50	32.18	1021.00	-0.78	3.06	95.01	30.00	339.06	9.96	9.91	9.94	0.4180	25.87	24.00
EQU	0	11/05/22	14:13:23	27.06	NaN	1728.90	280.98	365.87	2.50	32.19	1021.00	-0.62	3.09	92.90	30.00	340.77	9.96	9.91	9.94	0.4190	25.87	24.12
EQU	0	11/05/22	14:14:53	26.96	NaN	1692.70	273.71	366.37	2.50	32.22	1021.00	-0.92	3.06	92.17	30.00	355.94	9.96	9.91	9.93	0.4180	25.87	24.44
EQU-DRAIN	0	11/05/22	14:16:24	26.98	NaN	1612.90	257.85	373.95	2.56	32.29	1021.00	0.84	3.11	93.75	30.00	342.07	9.96	9.91	9.92	0.4170	25.87	24.94
EQU	0	11/05/22	14:18:17	26.99	NaN	1570.50	249.55	378.62	2.60	32.34	1021.20	-1.23	2.79	93.75	30.00	291.67	9.96	9.91	9.90	0.4170	25.94	25.44
EQU	0	11/05/22	14:19:47	27.03	NaN	1543.00	244.38	383.04	2.63	32.46	1021.00	-0.63	2.90	91.89	30.00	246.06	9.96	9.91	9.88	0.4150	26.00	25.69
EQU	0	11/05/22	14:21:17	26.99	NaN	1531.00	242.16	383.50	2.64	32.57	1021.00	-0.95	2.66	90.89	30.00	238.37	9.96	9.91	9.88	0.4160	26.06	25.31
EQU	0	11/05/22	14:22:48	26.94	NaN	1524.40	240.83	378.79	2.60	32.54	1021.00	-0.38	2.86	94.66	30.00	247.50	9.96	9.91	9.90	0.4170	26.12	24.87
EQU	0	11/05/22	14:24:18	26.91	NaN	1532.50	242.40	373.45	2.56	32.55	1021.00	-0.75	2.99	92.23	30.00	269.19	9.96	9.91	9.92	0.4170	26.12	24.87
EQU	0	11/05/22	14:25:49	26.88	NaN	1545.30	244.87	371.41	2.54	32.52	1021.00	-0.87	2.97	93.02	30.00	301.58	9.96	9.91	9.93	0.4180	26.12	24.75
EQU	0	11/05/22	14:27:19	26.87	NaN	1570.50	249.70	370.58	2.54	32.51	1021.10	-0.88	3.08	90.78	30.00	312.26	9.96	9.91	9.94	0.4180	26.19	24.69
EQU	0	11/05/22	14:28:50	26.76	NaN	1606.00	256.67	368.79	2.52	32.52	1021.00	-0.96	2.75	95.06	30.00	305.34	9.96	9.91	9.94	0.4180	26.12	24.56
EQU	0	11/05/22	14:30:20	26.75	NaN	1638.30	263.01	366.95	2.51	32.44	1021.00	-0.59	2.65	90.44	30.00	306.91	9.96	9.91	9.94	0.4170	26.12	24.37
EQU	0	11/05/22	14:31:51	26.78	NaN	1578.10	251.13	366.00	2.50	32.44	1021.00	-0.73	2.79	92.00	30.00	323.85	9.96	9.91	9.94	0.4180	26.12	24.31
EQU	0	11/05/22	14:33:21	26.74	NaN	1540.20	243.77	367.12	2.51	32.40	1021.00	-0.52	2.73	89.94	30.00	353.23	9.96	9.91	9.95	0.4180	26.06	24.25
EQU	0	11/05/22	14:34:52	26.82	NaN	1516.20	239.05	366.87	2.51	32.33	1021.10	-1.12	2.96	89.28	30.00	353.02	9.96	9.91	9.95	0.4180	26.06	24.19
EQU	0	11/05/22	14:36:22	26.89	NaN	1499.50	235.87	368.16	2.52	32.32	1021.10	-0.75	3.00	93.24	30.00	363.99	9.96	9.91	9.95	0.4190	26.00	24.12
EQU	0	11/05/22	14:37:53	26.87	NaN	1501.60	236.25	367.33	2.51	32.27	1021.00	-0.58	3.05	95.35	30.00	359.02	9.96	9.91	9.95	0.4190	26.00	23.94
EQU	0	11/05/22	14:39:23	26.87	NaN	1493.40	234.61	365.50	2.49	32.26	1021.30	-0.82	3.06	97.72	30.00	357.92	9.96	9.91	9.95	0.4190	25.94	24.00
EQU	0	11/05/22	14:40:54	27.06	NaN	1455.20	227.47	370.45	2.53	32.35	1021.20	-0.96	3.08	93.36	30.00	318.37	9.96	9.91	9.94	0.4190	25.87	24.25
EQU	0	11/05/22	14:42:25	27.17	NaN	1428.00	222.39	380.79	2.61	32.34	1021.20	-0.65	3.11	93.87	30.00	277.12	9.96	9.91	9.92	0.4180	25.94	24.81
EQU	0	11/05/22	14:43:56	27.24	NaN	1413.00	219.63	383.79	2.64	32.38	1021.10	-0.53	3.10	90.44	30.00	235.23	9.96	9.91	9.79	0.4110	26.00	25.19
EQU	0	11/05/22	14:45:27	27.27	NaN	1406.70	218.47	388.20	2.67	32.40	1021.20	-0.48	2.31	93.30	30.00	234.48	9.96	9.91	9.66	0.4070	26.00	25.56
EQU-DRAIN	0	11/05/22	14:46:57	27.27	NaN	1408.90	218.96	388.91	2.68	32.52	1021.20	-0.71	2.53	92.85	30.00	233.74	9.96	9.91	9.42	0.3970	26.06	25.87
EQU	0	11/05/22	14:48:48	27.28	NaN	1405.80	218.49	390.95	2.69	32.64	1021.10	-0.42	2.53	90.89	30.00	231.95	9.96	9.91	9.08	0.3830	26.19	26.31
EQU	0	11/05/22	14:50:19	27.26	NaN	1403.00	217.99	387.75	2.67	32.69	1021.10	-0.61	2.50	93.47	30.00	230.83	9.96	9.91	8.85	0.3730	26.25	26.44
EQU	0	11/05/22	14:51:49	27.23	NaN	1399.50	217.32	383.37	2.64	32.62	1021.00	-0.69	2.21	93.30	30.00	229.41	9.96	9.90	9.16	0.3860	26.31	25.87
EQU	0	11/05/22	14:53:20	27.13	NaN	1397.00	216.87	380.25	2.61	32.63	1021.00	-0.82	2.51	94.38	30.00	229.16	9.96	9.90	9.66	0.4060	26.37	25.31
EQU	0	11/05/22	14:54:50	26.97	NaN	1391.10	215.74	375.37	2.57	32.59	1021.00	-0.28	2.51	92.96	30.00	254.90	9.96	9.87	9.84	0.4140	26.31	25.00
EQU	0	11/05/22	14:56:20	26.89	NaN	1383.00	214.21	373.58	2.56	32.60	1021.10	-1.00	2.40	91.50	30.00	302.52	9.96	9.88	9.90	0.4160	26.31	24.81
EQU	0	11/05/22	14:57:51	26.86	NaN	1374.20	212.59	374.16	2.56	32.59	1021.10	-0.75	2.23	91.28	30.00	329.89	9.96	9.88	9.92	0.4160	26.31	24.75
EQU	0	11/05/22	14:59:22	26.89	NaN	1361.40	210.16	375.45	2.57	32.54	1021.30	-0.72	2.49	93.13	30.00	355.14	9.96	9.89	9.92	0.4160	26.25	24.75
EQU	0	11/05/22	15:00:52	26.94	NaN	1348.20	207.78	375.12	2.57	32.52	1021.10	-0.60	2.48	91.44	30.00	355.37	9.96	9.89	9.93	0.4170	26.31	24.56
ATM	0	11/05/22	15:05:39	27.00	NaN	2009.30	341.68	751.58	5.80	32.41	1021.10	-0.97	2.34	94.72	30.00	370.98	9.96	9.89	9.94	0.4160	26.25	24.50
ATM	0	11/05/22	15:07:07	26.97	NaN	2012.20	342.26	747.04	5.76	32.37	1021.10	-0.85	2.26	95.12	30.00	363.14	9.96	9.89	9.94	0.4170	26.19	24.31
ATM	0	11/05/22	15:08:34	26.99	NaN	2006.30	340.93	752.33	5.81	32.32	1021.00	-0.79	2.45	94.66	30.00	357.22	9.96	9.90	9.94	0.4170	26.19	24.31
EQU	0	11/05/22	15:13:57	26.96	NaN	1273.40	194.03	383.33	2.63	32.19	1021.30	-0.96	2.50	91.28	30.00	364.00	9.96	9.90	9.93	0.4170	26.06	24.31
EQU	0	11/05/22	15:15:27	27.07	NaN	1270.40	193.52	391.12	2.69	32.25	1021.40	-0.72	2.51	92.73	30.00	357.98	9.96	9.90	9.91	0.4160	26.06	24.87
EQU-DRAIN	0	11/05/22	15:16:57	27.16	NaN	1266.80	192.90	399.33	2.76	32.24	1021.30	-0.46	2.52	92.85	30.00	320.06	9.96	9.90	9.89	0.4150	26.06	25.25
EQU	0	11/05/22	15:18:48	27.21	NaN	1263.40	192.35	398.58	2.75	32.32	1021.30	-0.62	2.53	93.13	30.00	273.31	9.96	9.90	9.87	0.4140	26.12	25.50
EQU	0	11/05/22	15:20:19	27.22	NaN	1259.80	191.67	398.08	2.75	32.33	1021.40	-0.88	2.51	98.07	30.00	240.09	9.96	9.90	9.87	0.4140	26.19	25.25
EQU	0	11/05/22	15:21:49	27.23	NaN	1259.40	191.58	393.16	2.71	32.30	1021.40	-0.83	2.53	93.36	30.00	244.50	9.96	9.90	9.90	0.4150	26.19	24.87
EQU	0	11/05/22	15:23:20	27.20	NaN	1260.40	191.78	392.41	2.70	32.32	1021.40	-1.04	2.51	90.50	30.00	266.63	9.96	9.90	9.92	0.4160	26.19	24.81
EQU	0	11/05/22	15:24:50	27.18	NaN	1259.90	191.69	391.58	2.70	32.32	1021.40	-0.85	2.52	92.90	30.00	270.78	9.96	9.90	9.91	0.4150	26.19	24.69
EQU	0	11/05/22	15:26:21	27.17	NaN	1259.10	191.48	390.75	2.69	32.25	1021.40	-0.67	2.51	93.92	30.00	263.45	9.96	9.90	9.92	0.4160	26.19	24.69
EQU	0	11/05/22	15:27:51	27.19	NaN	1258.00	191.30	390.75	2.69	32.28	1021.50	-0.85	2.52	92.90	30.00	261.86	9.96	9.90	9.90	0.4150	26.19	24.87
EQU	0	11/05/22	15:29:22	27.22	NaN	1255.80	190.95	395.41	2.73	32.34	1021.50	-0.93	2.53	89.56	30.00	264.82	9.96	9.90	9.88	0.4140	26.25	25.31
EQU	0	11/05/22	15:30:52	27.23	NaN	1257.30	191.29	401.20	2.77	32.43	1021.50	-0.73	2.52	91.61	30.00	254.86	9.96	9.90	9.83	0.4120	26.25	25.69
EQU	0	11/05/22	15:32:23	27.23	NaN	1253.50	190.65	402.75	2.78	32.51	1021.60	-0.46	2.51	94.83	30.00	249.81	9.96	9.90	9.79	0.4110	26.31	25.87
EQU	0	11/05/22	15:33:53	27.23	NaN	1252.40	190.50	403.04	2.79	32.59	1021.50	-0.64	2.51	90.66	30.00	244.28	9.96	9.88	9.71	0.4080	26.44	26.12
EQU	0	11/05/22	15:35:24	27.25	NaN	1248.50	189.86	401.66	2.78	32.66	1021.60	-0.69	2.50	92.62	30.00	238.50	9.96	9.90	9.71	0.4080	26.44	26.25
EQU	0	11/05/22	15:36:54	27.26	NaN	1246.90	189.61	401.70	2.78	32.72	1021.50	-0.61	2.52	95.01	30.00	233.69	9.96	9.90	9.69	0.4060	26.56	26.44
EQU	0	11/05/22	15:38:25	27.26	NaN	1242.90	188.93	403.16	2.79	32.77	1021.60	-0.78	2.50	91.56	30.00	230.94	9.96	9.90	9.69	0.4070	26.62	26.62
EQU	0	11/05/22	15:39:55	27.28	NaN	1239.20	188.34	400.75	2.77	32.85	1021.50	-0.66	2.52	91.22	30.00	230.50	9.96	9.90	9.51	0.3990	26.69	26.75
EQU	0	11/05/22	15:41:26	27.25	NaN	1234.70	187.55	398.41	2.75	32.88	1021.60	-0.75	2.51	93.87	30.00	230.81	9.96	9.90	9.26	0.3890	26.75	26.62
EQU	0	11/05/22	15:42:56	27.28	NaN	1231.00	186.87	397.20	2.74	32.89	1021.60	-0.53	2.51	92.45	30.00	248.45	9.96	9.90	9.31	0.3910	26.81	26.44
EQU	0	11/05/22	15:44:27	27.33	NaN	1225.50	185.96	393.33	2.71	32.99	1021.70	-0.69	2.29	91.61	30.00	266.63	9.96	9.90	9.26	0.3900	26.81	26.44
EQU	0	11/05/22	15:45:57	27.36	NaN	1221.70	185.31	391.66	2.70	32.99	1021.50	-0.64	2.50	94.15	30.00	284.46	9.96	9.90	9.12	0.3840	26.81	26.50
EQU-DRAIN	0	11/05/22	15:47:28	27.37	NaN	1219.20	184.91	396.62	2.74	33.03	1021.50	-0.57	2.50	92.40	30.00	281.98	9.96	9.90	8.77	0.3700	26.87	26.75
EQU	0	11/05/22	15:49:19	27.34	NaN	1212.10	183.71	397.16	2.75	33.10	1021.50	-0.76	2.47	92.40	30.00	279.85	9.96	9.90	8.59	0.3630	26.94	26.81
EQU	0	11/05/22	15:50:49	27.23	NaN	1208.60	183.18	400.25	2.77	33.17	1021.30	-0.15	1.58	88.63	30.00	278.69	9.96	9.90	8.60	0.3620	27.00	26.87
EQU	0	11/05/22	15:52:20	27.20	NaN	1202.00	182.05	399.08	2.76	33.27	1021.40	-0.52	2.50	94.32	30.00	278.01	9.96	9.90	8.67	0.3650	27.06	27.06
EQU	0	11/05/22	15:53:51	27.10	NaN	1205.50	182.74	401.08	2.78	33.36	1021.40	-0.67	2.49	90.66	30.00	277.87	9.96	9.90	8.74	0.3680	27.12	27.12
EQU	0	11/05/22	15:55:21	27.08	NaN	1192.30	180.41	397.70	2.75	33.37	1021.40	-0.64	2.51	93.58	30.00	278.83	9.96	9.89	9.02	0.3790	27.19	26.94
EQU	0	11/05/22	15:56:52	27.06	NaN	1168.60	176.26	391.00	2.70	33.31	1021.30	-0.62	2.52	93.98	30.00	300.84	9.96	9.90	9.46	0.3970	27.19	26.56
EQU	0	11/05/22	15:58:22	27.11	NaN	1156.70	174.17	389.29	2.69	33.35	1021.40	-0.74	2.53	91.44	30.00	337.42	9.96	9.90	9.69	0.4050	27.19	26.25
EQU	0	11/05/22	15:59:53	27.13	NaN	1144.70	172.12	387.91	2.68	33.35	1021.30	-0.82	2.51	91.28	30.00	479.56	9.96	9.90	9.80	0.4100	27.19	26.12
EQU	0	11/05/22	16:01:23	27.13	NaN	1137.50	170.89	389.16	2.69	33.37	1021.40	-0.74	2.50	91.72	30.00	508.55	9.96	9.90	9.86	0.4140	27.19	25.94
EQU	0	11/05/22	16:02:53	27.18	NaN	1131.70	169.85	389.00	2.68	33.37	1021.50	-0.67	2.52	91.00	30.00	526.09	9.96	9.90	9.90	0.4140	27.19	25.87
EQU	0	11/05/22	16:04:24	27.29	NaN	1132.30	169.96	389.37	2.69	33.35	1021.50	-0.64	2.54	97.31	30.00	437.34	9.96	9.90	9.91	0.4140	27.19	25.62
EQU	0	11/05/22	16:05:54	27.37	NaN	1131.80	169.82	391.54	2.70	33.24	1021.40	-0.58	2.51	94.15	30.00	438.97	9.96	9.90	9.93	0.4160	27.12	25.44
EQU	0	11/05/22	16:07:25	27.37	NaN	1134.30	170.23	390.33	2.69	33.21	1021.50	-0.91	2.45	92.00	30.00	436.95	9.96	9.89	9.93	0.4140	27.06	25.31
EQU	0	11/05/22	16:08:55	27.29	NaN	1134.70	170.28	389.04	2.68	33.16	1021.40	-0.73	2.30	94.55	30.00	431.14	9.96	9.89	9.93	0.4160	27.00	25.25
EQU	0	11/05/22	16:10:26	27.18	NaN	1137.20	170.68	389.37	2.69	33.11	1021.40	-0.70	2.50	93.30	30.00	413.92	9.96	9.89	9.94	0.4160	27.00	25.19
EQU	0	11/05/22	16:11:56	26.98	NaN	1160.90	174.74	387.83	2.67	33.09	1021.50	-0.83	2.50	92.12	30.00	396.92	9.96	9.89	9.94	0.4160	27.00	25.06
EQU	0	11/05/22	16:13:27	26.72	NaN	1220.90	185.21	390.08	2.69	33.06	1021.50	-0.69	2.51	90.06	30.00	362.60	9.96	9.89	9.94	0.4150	26.94	25.00
EQU	0	11/05/22	16:14:57	26.53	NaN	1284.20	196.54	390.29	2.69	33.18	1021.60	-0.96	2.52	92.85	30.00	345.38	9.96	9.88	9.93	0.4150	26.87	25.00
EQU	0	11/05/22	16:16:28	26.51	NaN	1341.60	206.86	391.54	2.70	33.06	1021.50	-0.60	2.53	90.28	30.00	330.19	9.96	9.87	9.94	0.4150	26.87	24.94
EQU-DRAIN	0	11/05/22	16:17:58	26.43	NaN	1405.20	218.55	388.91	2.68	32.99	1021.50	-0.73	2.50	85.92	30.00	329.99	9.96	9.88	9.94	0.4160	26.81	24.87
EQU	0	11/05/22	16:19:50	26.51	NaN	1468.50	230.37	388.95	2.68	32.96	1021.50	-0.79	2.51	92.73	30.00	330.76	9.96	9.89	9.94	0.4170	26.75	24.75
EQU	0	11/05/22	16:21:20	26.83	NaN	1490.50	234.47	388.79	2.68	32.86	1021.50	-1.17	2.51	92.06	30.00	329.74	9.96	9.89	9.94	0.4160	26.69	24.75
EQU	0	11/05/22	16:22:51	26.94	NaN	1405.60	218.60	395.04	2.73	32.99	1021.60	-0.72	2.51	90.11	30.00	329.21	9.96	9.89	9.88	0.4140	26.69	25.31
EQU	0	11/05/22	16:24:21	26.79	NaN	1413.40	220.01	398.41	2.75	32.94	1021.60	-0.56	2.52	93.41	30.00	298.78	9.96	9.88	9.77	0.4090	26.69	25.50
EQU	0	11/05/22	16:25:52	26.78	NaN	1463.40	229.37	401.54	2.78	32.92	1021.60	-0.55	2.51	91.89	30.00	264.40	9.96	9.89	9.66	0.4040	26.69	25.56
EQU	0	11/05/22	16:27:22	26.84	NaN	1489.80	234.35	401.66	2.78	32.87	1021.60	-0.72	2.52	93.07	30.00	233.24	9.96	9.89	9.55	0.4010	26.69	25.56
EQU	0	11/05/22	16:28:53	26.90	NaN	1475.50	231.66	399.79	2.76	32.91	1021.60	-0.62	2.51	93.98	30.00	238.36	9.96	9.89	9.43	0.3960	26.69	25.69
EQU	0	11/05/22	16:30:23	26.98	NaN	1434.20	223.91	397.87	2.75	32.96	1021.60	-0.59	2.50	92.40	30.00	249.30	9.96	9.89	9.34	0.3920	26.69	25.75
EQU	0	11/05/22	16:31:54	26.83	NaN	1407.20	218.84	396.58	2.74	32.89	1021.50	-0.79	2.50	91.44	30.00	255.72	9.96	9.89	9.34	0.3930	26.69	25.81
EQU	0	11/05/22	16:33:24	26.77	NaN	1420.10	221.26	399.16	2.76	32.90	1021.50	-0.52	2.50	94.32	30.00	259.45	9.96	9.89	9.36	0.3930	26.69	25.81
EQU	0	11/05/22	16:34:55	26.78	NaN	1442.80	225.50	400.00	2.77	32.88	1021.50	-0.91	2.49	92.06	30.00	255.31	9.96	9.89	9.35	0.3930	26.75	25.56
EQU	0	11/05/22	16:36:25	26.78	NaN	1467.70	230.13	398.58	2.75	32.78	1021.40	-1.00	2.50	92.00	30.00	251.55	9.96	9.90	9.77	0.4090	26.69	25.12
EQU	0	11/05/22	16:37:56	26.78	NaN	1480.10	232.44	399.00	2.76	32.74	1021.50	-0.62	2.52	91.00	30.00	270.67	9.96	9.89	9.88	0.4140	26.62	24.87
EQU	0	11/05/22	16:39:26	26.80	NaN	1485.40	233.44	400.41	2.77	32.73	1021.40	-0.89	2.51	92.28	30.00	300.37	9.96	9.82	9.89	0.4140	26.62	24.69
EQU	0	11/05/22	16:40:57	26.79	NaN	1488.60	233.99	399.79	2.76	32.67	1021.50	-0.81	2.52	93.07	30.00	332.38	9.96	9.81	9.91	0.4150	26.62	24.62
EQU	0	11/05/22	16:42:27	26.82	NaN	1488.30	233.93	397.66	2.75	32.67	1021.50	-0.85	2.50	92.68	30.00	347.30	9.96	9.86	9.92	0.4160	26.56	24.62
EQU	0	11/05/22	16:43:58	26.83	NaN	1485.50	233.38	396.87	2.74	32.64	1021.50	-0.81	2.51	91.28	30.00	356.43	9.96	9.90	9.93	0.4160	26.56	24.62
STD1-DRAIN	0	11/05/22	16:48:45	26.81	0.00	-50.45	-6.77	12.37	0.07	32.52	1021.40	-0.70	2.50	66.59	30.00	357.89	9.96	9.90	9.94	0.4160	26.44	24.25
STD1	0	11/05/22	16:50:33	26.80	0.00	-50.60	-6.78	10.54	0.06	32.44	1021.50	-0.96	2.49	66.26	30.00	345.80	9.96	9.89	9.94	0.4160	26.44	24.31
STD1	0	11/05/22	16:51:59	26.76	0.00	-50.62	-6.79	9.54	0.06	32.37	1021.40	-0.75	2.48	66.26	30.00	351.71	9.96	9.84	9.94	0.4160	26.37	24.25
STD2	0	11/05/22	16:56:45	26.83	608.37	2985.50	586.91	11.58	0.07	32.26	1021.40	-1.05	2.51	67.75	30.00	355.25	9.96	9.88	9.94	0.4170	26.31	24.19
STD2	0	11/05/22	16:58:12	26.84	608.37	2985.80	586.89	13.92	0.08	32.20	1021.40	-1.02	2.49	66.45	30.00	372.69	9.96	9.87	9.94	0.4160	26.25	24.12
STD2	0	11/05/22	16:59:39	26.86	608.37	2982.10	585.71	14.25	0.09	32.13	1021.30	-0.79	2.51	66.59	30.00	372.06	9.96	9.87	9.94	0.4170	26.19	24.12
STD3	0	11/05/22	17:04:25	26.79	1514.51	4975.00	1312.20	11.00	0.07	31.98	1021.40	-1.01	2.50	66.59	30.00	373.23	9.96	9.88	9.94	0.4170	26.06	23.94
STD3	0	11/05/22	17:05:52	26.75	1514.51	4969.60	1309.80	12.83	0.08	31.99	1021.40	-1.01	2.50	66.77	30.00	378.83	9.96	9.23	9.94	0.4160	26.00	24.00
STD3	0	11/05/22	17:07:18	26.76	1514.51	4986.60	1317.40	13.12	0.08	31.95	1021.30	-0.87	2.50	66.40	30.00	381.27	9.96	9.82	9.93	0.4180	26.00	24.12
ATM	0	11/05/22	17:12:04	26.73	NaN	2029.40	345.42	775.00	6.01	31.80	1021.30	-1.26	2.48	95.35	30.00	376.18	9.96	9.86	9.94	0.4180	25.87	23.87
ATM	0	11/05/22	17:13:32	26.80	NaN	2037.10	347.09	766.29	5.93	31.75	1021.20	-0.23	2.46	95.47	30.00	374.99	9.96	9.84	9.94	0.4180	25.87	23.75
ATM	0	11/05/22	17:14:59	26.77	NaN	2055.30	351.12	766.83	5.93	31.72	1021.30	-0.85	2.50	95.35	30.00	372.50	9.96	9.86	9.94	0.4180	25.81	23.69
EQU-DRAIN	0	11/05/22	17:20:21	27.12	NaN	1223.30	184.78	391.16	2.69	31.53	1021.20	-1.31	2.47	91.11	30.00	360.11	9.96	9.87	9.94	0.4180	25.69	23.69
EQU	0	11/05/22	17:22:13	27.09	NaN	1186.50	178.33	384.33	2.63	31.50	1021.20	-1.63	2.48	92.06	30.00	358.61	9.96	9.87	9.94	0.4190	25.62	23.50
EQU	0	11/05/22	17:23:43	27.21	NaN	1166.50	174.86	388.16	2.66	31.49	1021.20	-0.99	2.48	90.33	30.00	357.53	9.96	9.87	9.94	0.4190	25.62	23.50
EQU	0	11/05/22	17:25:13	27.20	NaN	1148.40	171.73	384.70	2.64	31.44	1021.10	-1.68	2.46	94.21	30.00	354.91	9.95	9.87	9.94	0.4190	25.56	23.50
EQU	0	11/05/22	17:26:43	27.34	NaN	1140.90	170.42	385.91	2.64	31.42	1021.20	-1.50	2.46	91.95	30.00	354.22	9.95	9.87	9.94	0.4200	25.56	23.50
EQU	0	11/05/22	17:28:14	27.19	NaN	1118.00	166.52	384.91	2.64	31.42	1021.10	-1.29	2.47	92.40	30.00	353.19	9.95	9.86	9.94	0.4200	25.56	23.50
EQU	0	11/05/22	17:29:45	27.15	NaN	1147.30	171.53	384.62	2.63	31.40	1021.00	-1.12	2.47	90.00	30.00	352.58	9.95	9.87	9.94	0.4190	25.50	23.37
EQU	0	11/05/22	17:31:16	27.15	NaN	1140.20	170.29	386.66	2.65	31.36	1021.00	-1.23	2.47	91.05	30.00	351.72	9.95	9.87	9.94	0.4190	25.50	23.44
EQU	0	11/05/22	17:32:48	27.08	NaN	1147.20	171.47	387.87	2.66	31.29	1020.90	-1.38	2.47	87.86	30.00	351.87	9.95	9.87	9.94	0.4200	25.44	23.56
EQU	0	11/05/22	17:34:19	27.14	NaN	1136.60	169.65	387.66	2.66	31.33	1021.00	-1.14	2.60	90.94	30.00	353.45	9.95	9.87	9.94	0.4200	25.44	23.62
EQU	0	11/05/22	17:35:50	27.17	NaN	1110.80	165.22	388.45	2.66	31.28	1021.10	-3.18	0.74	91.05	30.00	354.53	9.95	9.87	9.94	0.4190	25.37	23.44
EQU	0	11/05/22	17:37:21	27.15	NaN	1167.60	175.00	385.45	2.64	31.27	1020.80	-2.52	2.56	91.44	30.00	355.05	9.95	9.88	9.94	0.4200	25.31	23.75
EQU	0	11/05/22	17:38:52	27.20	NaN	1133.00	169.02	381.75	2.61	31.25	1020.90	-1.12	2.63	94.61	30.00	356.08	9.95	9.88	9.94	0.4200	25.31	23.75
EQU	0	11/05/22	17:40:23	26.99	NaN	1194.70	179.75	380.70	2.61	31.35	1020.70	-1.91	2.62	118.84	30.00	356.12	9.95	9.88	9.94	0.4200	25.31	23.75
EQU	0	11/05/22	17:41:55	27.00	NaN	1235.50	186.86	382.95	2.62	31.30	1020.80	-1.21	2.64	93.64	30.00	355.30	9.95	9.88	9.94	0.4200	25.31	23.81
EQU	0	11/05/22	17:43:26	27.07	NaN	1267.30	192.55	380.54	2.60	31.32	1020.60	-1.18	2.63	91.84	30.00	353.73	9.95	9.88	9.94	0.4200	25.25	23.75
EQU	0	11/05/22	17:44:57	27.15	NaN	1309.80	200.10	377.25	2.58	31.30	1020.60	-1.17	2.64	92.68	30.00	353.39	9.95	9.88	9.94	0.4200	25.25	23.75
EQU	0	11/05/22	17:46:28	27.11	NaN	1344.20	206.32	372.70	2.54	31.26	1020.60	-1.25	2.63	89.06	30.00	353.89	9.95	9.88	9.94	0.4210	25.19	23.75
EQU-DRAIN	0	11/05/22	17:47:59	27.08	NaN	1402.00	216.94	370.33	2.53	31.30	1020.50	-1.29	2.63	94.89	30.00	354.07	9.95	9.88	9.95	0.4210	25.12	23.81
EQU	0	11/05/22	17:49:51	27.04	NaN	1492.10	233.79	370.16	2.52	31.28	1020.60	-1.16	2.63	92.68	30.00	354.54	9.95	9.88	9.94	0.4210	25.12	23.81
EQU	0	11/05/22	17:51:22	27.03	NaN	1566.40	248.05	373.83	2.55	31.27	1020.50	-1.41	2.60	92.79	30.00	355.65	9.95	9.88	9.94	0.4220	25.12	23.81
EQU	0	11/05/22	17:52:52	27.01	NaN	1602.50	255.10	378.70	2.59	31.27	1020.50	-1.16	2.62	92.57	30.00	353.67	9.95	9.87	9.94	0.4210	25.12	23.75
EQU	0	11/05/22	17:54:22	27.00	NaN	1650.20	264.55	379.33	2.59	31.26	1020.40	-1.41	2.61	92.45	30.00	352.63	9.95	9.87	9.94	0.4210	25.12	23.69
EQU	0	11/05/22	17:55:52	27.00	NaN	1686.10	271.66	379.33	2.59	31.23	1020.50	-1.16	2.39	93.36	30.00	351.90	9.95	9.87	9.94	0.4210	25.12	23.62
EQU	0	11/05/22	17:57:22	27.01	NaN	1723.70	279.27	379.91	2.60	31.23	1020.50	-1.14	2.09	92.57	30.00	350.14	9.95	9.87	9.94	0.4200	25.12	23.62
EQU	0	11/05/22	17:58:53	27.01	NaN	1730.00	280.58	379.33	2.59	31.25	1020.40	-1.31	2.13	93.07	30.00	350.60	9.95	9.87	9.94	0.4210	25.12	23.69
EQU	0	11/05/22	18:00:24	27.00	NaN	1760.40	286.80	377.50	2.58	31.25	1020.40	-0.72	2.63	87.81	30.00	350.49	9.95	9.87	9.95	0.4210	25.12	23.69
EQU	0	11/05/22	18:01:53	26.91	NaN	1805.70	296.11	376.33	2.57	31.22	1020.40	-1.23	2.36	93.02	30.00	356.80	9.95	9.87	9.95	0.4200	25.06	23.62
EQU	0	11/05/22	18:03:23	26.78	NaN	1901.00	316.20	378.91	2.59	31.19	1020.40	-0.74	2.58	90.28	30.00	361.73	9.95	9.87	9.95	0.4210	25.06	23.69
EQU	0	11/05/22	18:04:54	26.62	NaN	2034.40	345.23	380.08	2.60	31.20	1020.50	-1.11	2.58	92.28	30.00	370.75	9.95	9.87	9.94	0.4210	25.06	23.81
EQU	0	11/05/22	18:06:25	26.44	NaN	2218.10	387.19	382.12	2.62	31.23	1020.40	-1.10	2.57	100.67	30.00	370.90	9.95	9.87	9.94	0.4210	25.06	23.94
EQU	0	11/05/22	18:07:57	26.25	NaN	2460.40	445.92	382.04	2.62	31.26	1020.30	-1.25	2.61	93.87	30.00	371.01	9.95	9.87	9.94	0.4200	25.06	24.00
EQU	0	11/05/22	18:09:28	26.01	NaN	2890.50	560.00	381.62	2.61	31.29	1020.40	-0.46	2.65	92.79	30.00	370.29	9.95	9.87	9.94	0.4200	25.06	24.06
EQU	0	11/05/22	18:10:59	25.84	NaN	3423.80	720.10	385.54	2.64	31.33	1020.50	-0.93	2.61	91.89	30.00	366.05	9.95	9.87	9.94	0.4210	25.06	24.12
EQU	0	11/05/22	18:12:29	24.73	NaN	3772.10	836.09	381.29	2.61	31.24	1020.50	-1.08	2.62	91.11	30.00	367.99	9.95	9.87	9.94	0.4210	25.06	23.94
EQU	0	11/05/22	18:14:00	24.17	NaN	4709.20	1197.20	379.00	2.59	31.25	1020.50	-0.75	2.65	95.29	30.00	369.56	9.95	9.88	9.94	0.4210	25.06	23.87
EQU	0	11/05/22	18:15:29	23.94	NaN	5230.80	1431.00	379.91	2.60	31.25	1020.40	-1.02	2.63	90.22	30.00	372.46	9.95	9.87	9.94	0.4210	25.06	23.94
EQU	0	11/05/22	18:16:59	23.85	NaN	5521.10	1572.50	382.45	2.62	31.33	1020.50	-1.11	2.64	91.78	30.00	374.88	9.95	9.88	9.94	0.4210	25.06	24.12
EQU-DRAIN	0	11/05/22	18:18:30	23.77	NaN	5533.00	1579.00	389.75	2.68	31.42	1020.50	-0.91	2.64	96.62	30.00	373.35	9.96	9.87	9.89	0.4190	25.12	24.69
EQU	0	11/05/22	18:20:21	23.74	NaN	5657.00	1642.70	391.62	2.69	31.49	1020.30	-0.67	2.64	92.40	30.00	366.74	9.96	9.88	9.81	0.4160	25.19	24.81
EQU	0	11/05/22	18:21:52	23.84	NaN	5684.30	1657.10	391.79	2.69	31.53	1020.30	-0.99	2.64	93.98	30.00	359.96	9.96	9.88	9.72	0.4110	25.25	24.87
EQU	0	11/05/22	18:23:23	23.94	NaN	5850.20	1743.80	384.20	2.63	31.47	1020.40	-0.91	2.55	110.57	29.00	355.36	9.96	9.88	9.89	0.4190	25.25	24.44
EQU	0	11/05/22	18:24:54	24.24	NaN	5796.70	1715.60	385.08	2.64	31.44	1020.20	-0.58	2.63	95.81	29.00	354.42	9.96	9.88	9.92	0.4190	25.25	24.31
EQU	0	11/05/22	18:26:25	24.02	NaN	5687.40	1658.30	381.95	2.62	31.44	1020.20	-1.21	2.63	96.04	29.00	353.31	9.96	9.88	9.93	0.4190	25.31	24.06
EQU	0	11/05/22	18:27:56	23.94	NaN	5659.70	1643.70	379.75	2.60	31.37	1020.20	-1.11	2.62	90.61	29.00	353.91	9.96	9.88	9.94	0.4190	25.25	23.81
EQU	0	11/05/22	18:29:27	24.05	NaN	5683.60	1656.40	381.04	2.61	31.42	1020.20	-1.08	2.62	95.12	29.00	357.61	9.96	9.88	9.94	0.4200	25.25	23.87
EQU	0	11/05/22	18:30:57	24.21	NaN	5405.60	1516.50	385.70	2.65	31.39	1020.20	-1.58	2.60	94.61	29.00	361.97	9.96	9.88	9.93	0.4200	25.25	24.19
EQU	0	11/05/22	18:32:27	24.24	NaN	5232.80	1434.00	393.66	2.71	31.47	1020.10	-1.35	2.60	94.55	29.00	365.92	9.96	9.88	9.91	0.4190	25.31	24.69
EQU	0	11/05/22	18:33:58	24.28	NaN	5293.50	1463.70	401.20	2.77	31.60	1020.00	-1.09	2.61	92.62	29.00	365.65	9.96	9.88	9.90	0.4180	25.37	25.00
EQU	0	11/05/22	18:35:29	24.41	NaN	5294.50	1464.70	404.29	2.79	31.71	1020.00	-0.96	2.61	92.12	29.00	367.25	9.96	9.88	9.90	0.4180	25.44	25.31
EQU	0	11/05/22	18:37:00	24.52	NaN	5166.10	1404.20	409.33	2.83	31.77	1020.00	-0.74	2.65	87.81	29.00	367.62	9.96	9.88	9.88	0.4160	25.50	25.50
EQU	0	11/05/22	18:38:31	24.55	NaN	5060.80	1355.50	405.04	2.80	31.78	1020.00	-1.19	2.62	93.58	29.00	359.67	9.96	9.88	9.89	0.4180	25.56	25.25
EQU	0	11/05/22	18:40:01	24.61	NaN	4982.90	1320.20	399.29	2.76	31.80	1020.00	-0.79	2.65	93.13	29.00	360.84	9.96	9.87	9.90	0.4180	25.62	25.12
EQU	0	11/05/22	18:41:31	24.62	NaN	4901.10	1283.40	398.37	2.75	31.80	1020.20	-1.49	2.39	94.61	29.00	369.05	9.96	9.87	9.92	0.4190	25.62	24.94
EQU	0	11/05/22	18:43:01	24.72	NaN	4899.50	1283.40	398.70	2.75	31.88	1020.00	-1.38	2.65	96.39	29.00	368.98	9.96	9.88	9.92	0.4190	25.69	25.00
EQU	0	11/05/22	18:44:32	24.78	NaN	4795.50	1238.00	397.45	2.74	31.89	1019.90	-1.02	2.39	94.89	29.00	374.18	9.96	9.88	9.92	0.4190	25.75	24.87
EQU	0	11/05/22	18:46:03	24.84	NaN	4768.40	1226.40	398.04	2.75	31.94	1020.00	-0.59	2.62	92.85	29.00	381.34	9.96	9.88	9.92	0.4190	25.75	25.06
EQU	0	11/05/22	18:47:34	24.86	NaN	4758.20	1222.20	399.00	2.75	31.93	1019.80	-0.90	2.61	94.66	29.00	388.72	9.96	9.88	9.93	0.4180	25.75	24.94
EQU-DRAIN	0	11/05/22	18:49:05	25.00	NaN	4612.90	1160.80	398.50	2.75	32.01	1019.90	-0.64	2.63	92.45	29.00	393.92	9.96	9.88	9.93	0.4190	25.81	24.94
EQU	0	11/05/22	18:50:57	25.26	NaN	4295.00	1032.20	398.75	2.75	32.04	1019.90	-1.02	2.67	94.04	29.00	396.76	9.96	9.88	9.93	0.4180	25.81	24.81
ATM	0	11/05/22	18:55:45	25.48	NaN	2017.00	343.66	788.37	6.15	32.05	1019.80	-3.24	0.49	96.10	29.00	381.64	9.96	9.88	9.93	0.4190	25.81	24.81
ATM	0	11/05/22	18:57:13	26.13	NaN	2019.40	344.15	783.66	6.11	32.02	1019.80	-1.46	2.71	95.41	29.00	379.90	9.96	9.88	9.93	0.4190	25.81	24.62
ATM	0	11/05/22	18:58:39	26.08	NaN	2017.60	343.68	778.62	6.06	32.01	1019.90	-1.18	2.74	95.75	29.00	381.89	9.96	9.89	9.93	0.4190	25.81	24.75
EQU	0	11/05/22	19:04:02	25.61	NaN	3031.40	602.36	407.70	2.82	32.08	1019.90	-0.36	2.77	119.71	29.00	365.92	9.96	9.89	9.93	0.4190	25.75	24.56
EQU	0	11/05/22	19:05:33	25.57	NaN	3115.90	627.19	404.04	2.79	32.03	1019.90	-0.79	2.75	90.06	29.00	364.71	9.96	9.89	9.94	0.4200	25.75	24.50
EQU	0	11/05/22	19:07:04	25.62	NaN	3131.60	631.83	401.25	2.77	32.01	1019.90	-0.97	2.76	83.58	29.00	365.40	9.96	9.84	9.94	0.4190	25.75	24.31
EQU	0	11/05/22	19:08:35	25.61	NaN	3107.80	624.74	400.00	2.76	32.01	1019.80	-1.08	2.74	89.50	29.00	365.84	9.96	9.89	9.94	0.4190	25.75	24.44
EQU	0	11/05/22	19:10:06	25.62	NaN	3044.80	606.16	399.50	2.76	32.04	1019.90	-1.23	2.76	90.28	29.00	366.79	9.96	9.89	9.94	0.4180	25.69	24.50
EQU	0	11/05/22	19:11:38	25.66	NaN	2984.00	588.63	401.41	2.77	32.04	1019.80	-0.87	2.76	91.39	29.00	368.24	9.96	9.89	9.94	0.4190	25.69	24.56
EQU	0	11/05/22	19:13:09	25.70	NaN	2806.00	538.37	403.45	2.79	32.02	1019.80	-0.72	2.77	89.67	29.00	368.55	9.96	9.89	9.94	0.4190	25.69	24.62
EQU	0	11/05/22	19:14:40	25.73	NaN	2823.80	543.35	404.33	2.80	32.05	1019.80	-0.47	2.76	90.61	29.00	361.53	9.96	9.89	9.94	0.4190	25.69	24.69
EQU	0	11/05/22	19:16:11	25.74	NaN	2944.10	577.10	405.08	2.80	32.02	1019.80	-0.55	2.77	90.89	29.00	351.23	9.96	9.89	9.94	0.4190	25.69	24.69
EQU	0	11/05/22	19:17:41	25.81	NaN	2995.70	592.00	405.25	2.80	32.06	1019.80	-1.14	2.74	89.72	29.00	343.36	9.96	9.89	9.94	0.4190	25.69	24.75
EQU-DRAIN	0	11/05/22	19:19:12	25.87	NaN	3133.60	632.51	407.41	2.82	32.00	1019.80	-0.74	2.83	90.72	29.00	343.69	9.96	9.89	9.94	0.4190	25.69	24.75
EQU	0	11/05/22	19:21:02	25.87	NaN	3211.50	656.12	405.54	2.81	32.04	1019.80	-0.59	2.75	88.95	29.00	343.46	9.96	9.89	9.94	0.4190	25.69	24.75
EQU	0	11/05/22	19:22:32	25.86	NaN	3206.70	654.87	406.58	2.82	32.12	1019.80	-1.08	2.81	89.12	29.00	345.24	9.96	9.89	9.94	0.4190	25.69	24.75
EQU	0	11/05/22	19:24:03	25.88	NaN	3182.70	647.42	407.12	2.82	32.06	1019.80	-1.07	2.83	90.66	29.00	346.13	9.96	9.89	9.93	0.4190	25.69	24.81
EQU	0	11/05/22	19:25:33	25.91	NaN	3206.70	654.89	411.66	2.86	32.18	1019.90	-1.00	2.82	90.00	29.00	345.95	9.96	9.89	9.91	0.4180	25.75	25.50
EQU	0	11/05/22	19:27:04	25.95	NaN	3229.00	662.18	418.33	2.91	32.36	1019.80	-0.72	2.83	89.72	29.00	345.06	9.96	9.89	9.81	0.4130	25.81	26.12
EQU	0	11/05/22	19:28:36	25.96	NaN	3258.30	671.46	423.12	2.95	32.48	1019.90	-0.68	2.84	87.26	29.00	343.40	9.96	9.89	9.59	0.4040	25.94	26.50
EQU	0	11/05/22	19:30:07	25.95	NaN	3335.00	695.58	422.25	2.94	32.54	1019.80	-1.11	2.82	87.86	29.00	322.12	9.96	9.89	9.35	0.3950	26.12	26.62
EQU	0	11/05/22	19:31:37	26.05	NaN	3234.40	664.38	416.00	2.89	32.61	1019.80	-0.60	2.87	90.89	29.00	285.52	9.96	9.89	8.97	0.3790	26.12	26.56
EQU	0	11/05/22	19:33:08	26.06	NaN	3072.20	615.56	411.29	2.86	32.65	1019.80	-0.55	2.82	85.65	29.00	249.99	9.96	9.88	8.52	0.3610	26.25	26.56
EQU	0	11/05/22	19:34:38	26.05	NaN	3195.30	652.58	410.08	2.85	32.66	1019.70	-0.10	2.87	86.72	29.00	231.97	9.96	9.88	8.21	0.3480	26.31	26.69
EQU	0	11/05/22	19:36:09	25.97	NaN	3088.40	620.63	405.37	2.81	32.71	1019.60	-1.10	2.85	88.73	29.00	229.34	9.96	9.88	8.07	0.3430	26.37	26.62
EQU	0	11/05/22	19:37:39	25.97	NaN	2907.90	568.34	407.87	2.83	32.72	1019.50	-0.87	2.87	90.22	29.00	228.20	9.96	9.88	8.48	0.3590	26.44	26.44
EQU	0	11/05/22	19:39:10	26.00	NaN	2798.80	537.84	404.79	2.81	32.74	1019.60	-0.75	2.54	91.61	29.00	229.87	9.96	9.88	9.37	0.3960	26.44	26.00
EQU	0	11/05/22	19:40:40	26.04	NaN	2841.00	549.64	404.54	2.81	32.80	1019.60	-0.73	2.85	90.55	29.00	232.48	9.96	9.88	9.56	0.4020	26.50	26.00
EQU	0	11/05/22	19:42:11	26.09	NaN	2755.60	526.35	406.45	2.82	32.92	1019.50	-0.67	2.84	89.78	29.00	232.48	9.96	9.88	9.61	0.4040	26.56	26.37
EQU	0	11/05/22	19:43:41	26.13	NaN	2516.00	463.26	409.95	2.85	33.08	1019.60	-0.31	2.85	90.55	29.00	233.26	9.96	9.88	9.55	0.4020	26.69	26.81
EQU	0	11/05/22	19:45:11	26.27	NaN	2542.40	470.17	409.33	2.85	33.14	1019.50	-0.26	2.88	91.72	29.00	234.61	9.96	9.88	9.46	0.3980	26.75	27.00
EQU	0	11/05/22	19:46:42	26.45	NaN	2521.50	464.91	404.95	2.81	33.19	1019.40	-0.68	2.84	90.06	29.00	234.47	9.96	9.85	9.46	0.3980	26.87	27.00
EQU	0	11/05/22	19:48:12	26.61	NaN	2459.00	449.25	403.58	2.80	33.32	1019.40	-0.44	2.79	90.22	29.00	232.90	9.96	9.86	9.46	0.3980	26.94	27.12
EQU-DRAIN	0	11/05/22	19:49:43	26.79	NaN	2298.60	409.72	401.29	2.79	33.38	1019.40	-0.41	2.88	90.00	29.00	232.49	9.96	9.87	9.51	0.4000	27.00	27.19
EQU	0	11/05/22	19:51:34	26.96	NaN	2194.70	385.08	391.70	2.71	33.44	1019.30	-0.81	2.86	89.67	29.00	232.89	9.96	9.87	9.75	0.4090	27.06	26.94
EQU	0	11/05/22	19:53:05	27.08	NaN	2126.40	369.23	387.91	2.68	33.42	1019.20	-0.58	2.76	87.97	29.00	234.53	9.96	9.87	9.83	0.4120	27.06	26.50
EQU	0	11/05/22	19:54:36	27.12	NaN	2072.80	356.97	387.41	2.68	33.42	1019.20	-0.43	2.71	91.61	29.00	240.34	9.96	9.88	9.88	0.4140	27.06	26.37
EQU	0	11/05/22	19:56:06	27.21	NaN	2029.80	347.29	388.12	2.68	33.43	1019.30	-0.24	2.70	86.99	29.00	250.00	9.96	9.88	9.90	0.4150	27.06	26.25
EQU	0	11/05/22	19:57:36	27.15	NaN	1987.70	337.92	389.70	2.70	33.43	1019.30	-0.58	2.70	91.84	29.00	259.33	9.96	9.88	9.92	0.4160	27.06	26.00
EQU	0	11/05/22	19:59:07	27.17	NaN	1852.30	308.61	392.79	2.72	33.47	1019.20	-1.12	2.68	89.23	29.00	262.31	9.96	9.87	9.92	0.4160	27.06	25.94
EQU	0	11/05/22	20:00:37	27.25	NaN	1876.40	313.77	394.45	2.73	33.47	1019.30	-0.85	2.64	89.61	29.00	262.87	9.96	9.88	9.93	0.4160	27.06	25.81
EQU	0	11/05/22	20:02:08	27.25	NaN	1886.00	315.74	390.08	2.70	33.42	1019.30	-0.72	2.65	88.41	29.00	264.32	9.96	9.88	9.94	0.4160	27.06	25.81
EQU	0	11/05/22	20:03:38	27.21	NaN	1891.50	316.95	385.50	2.66	33.39	1019.10	-0.96	2.65	86.56	29.00	261.73	9.96	9.88	9.93	0.4160	27.00	25.81
EQU	0	11/05/22	20:05:09	27.09	NaN	1832.50	304.29	385.70	2.66	33.31	1019.10	-1.05	2.67	90.66	29.00	259.50	9.96	9.88	9.93	0.4160	27.00	25.69
EQU	0	11/05/22	20:06:40	27.08	NaN	1823.40	302.42	384.95	2.66	33.35	1019.10	-0.93	2.69	89.89	29.00	253.77	9.96	9.85	9.93	0.4160	27.00	25.69
EQU	0	11/05/22	20:08:10	27.17	NaN	1774.50	292.27	385.37	2.66	33.43	1019.10	-0.54	2.65	90.89	29.00	246.05	9.96	9.85	9.91	0.4150	27.00	25.94
EQU	0	11/05/22	20:09:41	27.32	NaN	1800.70	297.81	390.66	2.71	33.49	1019.10	-0.49	2.64	87.53	29.00	236.13	9.96	9.85	9.88	0.4150	27.00	26.44
EQU	0	11/05/22	20:11:11	27.40	NaN	1865.70	311.69	394.79	2.74	33.60	1019.00	-0.53	2.64	89.67	29.00	231.31	9.96	9.88	9.87	0.4130	27.06	26.81
EQU	0	11/05/22	20:12:42	27.46	NaN	1888.90	316.70	393.66	2.73	33.63	1019.10	-0.63	2.63	90.94	29.00	230.95	9.96	9.87	9.87	0.4130	27.12	26.81
EQU	0	11/05/22	20:14:12	27.59	NaN	1894.70	318.01	388.66	2.69	33.70	1019.00	-1.34	2.44	93.58	29.00	230.59	9.96	9.88	9.89	0.4140	27.19	26.62
EQU	0	11/05/22	20:15:43	27.61	NaN	1929.30	325.44	382.45	2.64	33.66	1019.10	-0.52	2.14	91.00	29.00	236.00	9.96	9.88	9.92	0.4150	27.19	26.37
EQU	0	11/05/22	20:17:13	27.52	NaN	1950.50	330.05	379.87	2.62	33.63	1019.00	-1.14	2.52	92.34	29.00	247.17	9.96	9.88	9.93	0.4150	27.19	26.19
EQU	0	11/05/22	20:18:44	27.47	NaN	1954.10	330.83	378.37	2.61	33.61	1019.00	-0.29	2.58	85.06	29.00	254.99	9.96	9.88	9.94	0.4160	27.19	26.00
EQU-DRAIN	0	11/05/22	20:20:14	27.38	NaN	1953.20	330.59	378.75	2.61	33.59	1019.00	-0.84	2.59	89.28	29.00	258.10	9.96	9.88	9.94	0.4160	27.19	25.94
EQU	0	11/05/22	20:22:05	27.20	NaN	2028.40	347.43	385.50	2.67	33.76	1019.10	-0.57	2.51	90.50	29.00	244.81	9.96	9.89	9.91	0.4140	27.19	26.75
EQU	0	11/05/22	20:23:36	27.35	NaN	2153.10	375.98	391.33	2.71	33.83	1019.10	-0.42	2.61	86.72	29.00	234.45	9.96	9.89	9.90	0.4140	27.25	26.81
EQU	0	11/05/22	20:25:06	27.54	NaN	2235.60	395.39	391.25	2.71	33.84	1019.00	-0.60	2.62	90.33	29.00	225.36	9.96	9.89	9.89	0.4140	27.31	26.44
EQU	0	11/05/22	20:26:37	27.21	NaN	2199.80	386.85	385.20	2.67	33.83	1019.10	-0.59	2.60	90.44	29.00	225.06	9.96	9.89	9.87	0.4140	27.25	26.25
EQU	0	11/05/22	20:28:07	26.99	NaN	1892.70	317.62	382.50	2.64	33.76	1019.10	-0.99	2.57	88.24	29.00	225.02	9.96	9.89	9.78	0.4100	27.31	26.56
EQU	0	11/05/22	20:29:38	27.09	NaN	1855.20	309.60	383.33	2.65	33.77	1019.00	-0.61	2.60	88.90	29.00	224.66	9.96	9.89	9.61	0.4030	27.31	26.62
EQU	0	11/05/22	20:31:08	27.11	NaN	1871.30	313.02	384.33	2.66	33.74	1019.00	-0.69	2.60	88.95	29.00	223.69	9.96	9.88	9.67	0.4050	27.31	26.62
EQU	0	11/05/22	20:32:39	27.13	NaN	1957.30	331.88	392.33	2.72	33.89	1019.00	-0.74	2.62	90.55	29.00	223.02	9.96	9.88	9.78	0.4090	27.31	26.50
EQU	0	11/05/22	20:34:09	27.09	NaN	1955.40	331.56	397.08	2.76	33.94	1018.90	-0.81	2.59	86.35	29.00	223.69	9.96	9.88	9.82	0.4110	27.37	27.00
STD1	0	11/05/22	20:38:56	27.52	0.00	-49.17	-6.65	12.87	0.08	34.17	1018.90	-0.40	2.35	65.34	29.00	224.51	9.96	9.89	9.85	0.4110	27.56	27.06
STD1	0	11/05/22	20:40:24	27.53	0.00	-49.03	-6.63	10.96	0.07	34.15	1018.80	-0.65	2.61	65.48	29.00	224.06	9.96	9.89	9.87	0.4120	27.62	26.94
STD1	0	11/05/22	20:41:51	27.53	0.00	-49.42	-6.68	9.87	0.06	34.27	1018.90	-0.33	2.61	65.44	29.00	223.13	9.96	9.88	9.87	0.4120	27.62	26.81
STD2	0	11/05/22	20:46:39	27.39	608.37	2967.90	587.52	12.00	0.07	34.05	1018.60	-0.34	2.61	67.52	29.00	240.61	9.96	9.89	9.94	0.4160	27.50	25.87
STD2	0	11/05/22	20:48:06	27.47	608.37	2971.70	588.62	14.50	0.09	34.04	1018.70	-0.17	2.62	66.26	29.00	239.74	9.96	9.89	9.94	0.4150	27.44	25.81
STD2	0	11/05/22	20:49:32	27.43	608.37	2968.80	587.61	14.46	0.09	33.94	1018.60	-0.67	2.59	66.26	29.00	240.88	9.96	9.88	9.94	0.4160	27.44	25.62
STD3-DRAIN	0	11/05/22	20:54:18	27.47	1514.51	4973.50	1325.50	11.62	0.07	33.80	1018.60	-0.75	2.60	65.44	29.00	239.75	9.96	9.89	9.95	0.4150	27.25	25.56
STD3	0	11/05/22	20:56:06	27.54	1514.51	4972.60	1325.00	12.00	0.07	33.76	1018.60	-0.72	2.60	65.30	29.00	237.47	9.96	9.88	9.95	0.4160	27.12	25.31
STD3	0	11/05/22	20:57:32	27.54	1514.51	4982.20	1329.00	13.50	0.08	33.68	1018.60	-1.14	1.74	64.43	29.00	237.50	9.96	9.87	9.95	0.4150	27.12	25.25
STD1z	0	11/05/22	21:02:23	27.89	0.00	-47.05	-6.35	7.83	0.05	33.54	1018.60	-0.53	2.25	65.62	29.00	247.01	9.96	9.89	9.94	0.4150	27.00	25.37
STD3s	0	11/05/22	21:07:14	27.95	0.00	4974.50	1346.80	8.04	0.05	33.67	1018.60	-0.24	2.20	65.30	29.00	224.95	9.96	9.90	9.91	0.4140	27.00	26.50
STD1	0	11/05/22	21:12:01	27.53	0.00	-47.40	-0.05	6.75	0.04	33.55	1018.60	-0.78	2.55	66.59	29.00	224.91	9.96	9.89	9.94	0.4150	27.00	25.87
STD1	0	11/05/22	21:13:28	27.50	0.00	-48.45	-0.20	6.33	0.04	33.53	1018.50	-0.75	2.54	66.82	29.00	225.71	9.96	9.89	9.94	0.4150	26.94	25.69
STD1	0	11/05/22	21:14:54	27.54	0.00	-48.65	-0.23	6.33	0.04	33.48	1018.60	-0.78	2.51	66.22	29.00	225.69	9.96	9.90	9.94	0.4150	26.94	25.50
STD2	0	11/05/22	21:19:41	27.59	608.37	2976.00	666.60	8.12	0.05	33.43	1018.40	-0.53	2.34	68.31	29.00	244.38	9.96	9.90	9.94	0.4160	26.81	25.44
STD2-DRAIN	0	11/05/22	21:21:08	27.59	608.37	2971.30	664.98	11.04	0.07	33.42	1018.50	-0.40	2.18	67.05	29.00	240.27	9.96	9.90	9.94	0.4150	26.81	25.50
STD2	0	11/05/22	21:22:55	27.68	608.37	2970.80	664.76	10.54	0.06	33.39	1018.50	-0.64	2.22	66.91	29.00	231.05	9.96	9.90	9.94	0.4160	26.81	25.44
STD3	0	11/05/22	21:27:43	27.99	1514.51	4972.90	1512.10	7.75	0.05	33.28	1018.40	-0.79	2.43	66.40	29.00	233.62	9.96	9.90	9.95	0.4160	26.69	25.44
STD3	0	11/05/22	21:29:10	27.95	1514.51	4990.00	1331.30	10.46	0.06	33.36	1018.50	-1.20	2.44	65.76	29.00	233.77	9.96	9.89	9.94	0.4160	26.69	25.69
STD3	0	11/05/22	21:30:37	27.83	1514.51	4983.30	1328.40	11.25	0.07	33.40	1018.50	-0.80	2.42	66.26	29.00	227.71	9.96	9.90	9.89	0.4130	26.69	26.19
ATM	0	11/05/22	21:35:25	27.60	NaN	2225.20	393.93	773.83	6.05	33.38	1018.10	-0.65	2.39	96.44	29.00	225.78	9.96	9.89	9.90	0.4130	26.75	25.75
ATM	0	11/05/22	21:36:52	27.64	NaN	2007.40	343.47	739.45	5.72	33.37	1018.40	-0.64	2.44	96.44	29.00	226.13	9.96	9.89	9.90	0.4140	26.75	25.62
ATM	0	11/05/22	21:38:18	27.65	NaN	1991.30	339.97	732.91	5.66	33.45	1018.50	-0.67	2.39	96.62	29.00	225.17	9.96	9.89	9.90	0.4140	26.75	25.62
EQU	0	11/05/22	21:43:41	27.78	NaN	1117.10	167.87	382.16	2.64	33.28	1018.50	-0.91	2.40	89.67	29.00	224.08	9.96	9.87	9.92	0.4150	26.81	25.62
EQU	0	11/05/22	21:45:11	27.69	NaN	1112.70	167.13	379.16	2.62	33.28	1018.40	-0.76	2.42	92.00	29.00	233.30	9.96	9.86	9.93	0.4140	26.81	25.44
EQU	0	11/05/22	21:46:42	27.64	NaN	1130.00	170.05	380.08	2.62	33.19	1018.40	-0.85	2.43	90.44	29.00	250.86	9.96	9.89	9.94	0.4150	26.75	25.25
EQU	0	11/05/22	21:48:12	27.59	NaN	1130.70	170.12	375.00	2.58	33.14	1018.50	-0.88	2.43	92.23	29.00	259.06	9.96	9.89	9.94	0.4160	26.75	25.25
EQU	0	11/05/22	21:49:43	27.68	NaN	1131.40	170.25	375.12	2.58	33.10	1018.30	-0.78	2.44	90.50	29.00	292.17	9.96	9.90	9.95	0.4160	26.69	25.06
EQU-DRAIN	0	11/05/22	21:51:13	27.73	NaN	1107.80	166.19	373.75	2.57	33.09	1018.30	-0.83	2.43	91.44	29.00	314.60	9.96	9.90	9.95	0.4160	26.62	25.06
EQU	0	11/05/22	21:53:05	27.81	NaN	1075.10	160.55	369.20	2.54	32.99	1018.30	-0.72	2.48	91.50	29.00	343.71	9.96	9.90	9.95	0.4160	26.62	24.94
EQU	0	11/05/22	21:54:35	27.55	NaN	1111.80	166.86	373.12	2.57	33.05	1018.30	-0.58	2.46	92.17	29.00	351.38	9.96	9.90	9.95	0.4160	26.56	25.12
EQU	0	11/05/22	21:56:06	27.61	NaN	1151.50	173.67	376.75	2.59	32.97	1018.30	-0.66	2.45	90.17	29.00	351.83	9.96	9.90	9.95	0.4160	26.56	25.06
EQU	0	11/05/22	21:57:36	27.68	NaN	1114.70	167.28	372.29	2.56	32.90	1018.20	-0.72	2.48	91.67	29.00	351.66	9.96	9.89	9.95	0.4160	26.50	25.00
EQU	0	11/05/22	21:59:07	27.70	NaN	1094.80	163.82	368.25	2.53	32.84	1018.30	-0.79	2.46	91.11	29.00	348.70	9.96	9.90	9.95	0.4160	26.50	24.94
EQU	0	11/05/22	22:00:37	27.66	NaN	1084.70	162.09	366.12	2.51	32.82	1018.30	-0.58	2.46	88.95	29.00	343.25	9.96	9.89	9.95	0.4160	26.50	24.75
EQU	0	11/05/22	22:02:08	27.74	NaN	1082.50	161.69	364.29	2.50	32.76	1018.20	-1.08	2.43	91.33	29.00	338.58	9.96	9.90	9.95	0.4160	26.44	24.75
EQU	0	11/05/22	22:03:38	27.74	NaN	1070.50	159.66	363.91	2.49	32.73	1018.20	-0.78	2.30	91.00	29.00	337.77	9.96	9.90	9.95	0.4160	26.37	24.87
EQU	0	11/05/22	22:05:09	27.47	NaN	1087.90	162.61	369.20	2.53	32.72	1018.20	-0.72	2.11	90.72	29.00	347.41	9.96	9.90	9.95	0.4160	26.37	24.87
EQU	0	11/05/22	22:06:39	27.71	NaN	1080.30	161.32	370.95	2.55	32.68	1018.10	-0.81	1.86	90.94	29.00	350.19	9.96	9.89	9.95	0.4160	26.37	24.75
EQU	0	11/05/22	22:08:10	28.04	NaN	1018.30	150.82	365.83	2.51	32.64	1018.20	-0.87	1.87	91.95	29.00	346.84	9.96	9.89	9.95	0.4160	26.31	24.69
EQU	0	11/05/22	22:09:40	28.28	NaN	982.15	144.82	364.16	2.50	32.62	1018.10	-0.75	1.92	90.39	29.00	347.48	9.96	9.89	9.95	0.4160	26.31	24.50
EQU	0	11/05/22	22:11:11	28.34	NaN	961.62	141.38	361.20	2.47	32.54	1018.20	-1.08	1.59	92.23	29.00	341.39	9.96	9.89	9.95	0.4160	26.25	24.50
EQU	0	11/05/22	22:12:41	28.30	NaN	956.60	140.58	358.00	2.45	32.58	1018.10	-0.58	2.06	95.35	29.00	346.27	9.96	9.89	9.95	0.4160	26.25	24.56
EQU	0	11/05/22	22:14:12	28.40	NaN	978.60	144.17	357.25	2.44	32.50	1018.10	-0.64	2.06	92.57	29.00	358.02	9.96	9.88	9.95	0.4160	26.19	24.50
EQU	0	11/05/22	22:15:42	28.38	NaN	1001.70	147.97	353.16	2.41	32.44	1018.10	-1.10	2.04	95.75	29.00	366.95	9.96	9.90	9.95	0.4170	26.12	24.31
EQU	0	11/05/22	22:17:13	28.41	NaN	1025.20	151.87	355.16	2.42	32.43	1018.10	-0.84	1.89	92.57	29.00	364.98	9.96	9.90	9.95	0.4160	26.12	24.50
EQU	0	11/05/22	22:18:43	28.40	NaN	1054.20	156.72	357.33	2.44	32.39	1018.10	-0.85	1.63	92.45	29.00	350.89	9.96	9.89	9.95	0.4170	26.06	24.37
EQU	0	11/05/22	22:20:14	28.37	NaN	1069.90	159.36	356.58	2.44	32.37	1018.10	-1.16	1.79	89.67	29.00	339.21	9.96	9.90	9.95	0.4170	26.06	24.25
EQU-DRAIN	0	11/05/22	22:21:44	28.38	NaN	1076.80	160.49	357.75	2.44	32.32	1018.20	-0.86	1.93	92.34	29.00	339.21	9.96	9.90	9.95	0.4170	26.06	24.31
EQU	0	11/05/22	22:23:36	28.24	NaN	1080.60	161.18	363.37	2.49	32.36	1018.20	-0.45	3.87	91.56	29.00	315.29	9.96	9.90	9.94	0.4180	26.06	24.69
EQU	0	11/05/22	22:25:06	28.29	NaN	1087.50	162.48	370.75	2.55	32.54	1018.00	-0.54	3.40	91.89	29.00	276.17	9.96	9.90	9.94	0.4170	26.06	25.50
EQU	0	11/05/22	22:26:37	28.09	NaN	1089.60	162.85	380.70	2.62	32.60	1018.10	-0.74	2.62	91.56	29.00	237.43	9.96	9.90	9.86	0.4140	26.12	26.19
EQU	0	11/05/22	22:28:07	27.73	NaN	1094.30	163.74	382.75	2.64	32.74	1018.10	-0.46	2.59	92.79	29.00	221.52	9.96	9.90	9.79	0.4110	26.25	26.62
EQU	0	11/05/22	22:29:37	27.53	NaN	1083.60	161.90	378.12	2.60	32.69	1018.10	-0.51	2.60	91.56	29.00	219.15	9.96	9.90	9.84	0.4130	26.31	26.06
EQU	0	11/05/22	22:31:08	27.59	NaN	1066.30	158.91	369.45	2.54	32.60	1018.00	-0.72	2.57	92.00	29.00	217.36	9.96	9.90	9.92	0.4160	26.37	25.44
EQU	0	11/05/22	22:32:38	27.56	NaN	1052.70	156.57	362.58	2.48	32.56	1018.10	-0.81	2.57	95.58	29.00	233.80	9.96	9.90	9.94	0.4170	26.31	25.12
EQU	0	11/05/22	22:34:09	27.56	NaN	1044.30	155.15	362.45	2.48	32.56	1018.20	-0.61	2.58	91.44	29.00	252.11	9.96	9.90	9.94	0.4160	26.31	24.94
EQU	0	11/05/22	22:35:40	27.49	NaN	1034.30	153.48	362.95	2.49	32.54	1018.00	-0.55	2.59	91.84	29.00	273.15	9.96	9.90	9.94	0.4170	26.31	24.87
EQU	0	11/05/22	22:37:10	27.30	NaN	1022.30	151.44	362.50	2.48	32.47	1018.00	-0.63	2.57	92.23	29.00	265.80	9.96	9.90	9.94	0.4160	26.31	24.69
EQU	0	11/05/22	22:38:40	27.23	NaN	1020.10	151.06	359.00	2.45	32.49	1018.10	-0.87	2.57	92.57	29.00	298.18	9.96	9.90	9.95	0.4170	26.25	24.62
EQU	0	11/05/22	22:40:11	27.17	NaN	1021.00	151.15	357.66	2.44	32.37	1018.10	-0.32	2.60	99.01	29.00	337.25	9.96	9.89	9.95	0.4170	26.25	24.56
EQU	0	11/05/22	22:41:41	27.15	NaN	1014.60	150.08	357.29	2.44	32.41	1018.20	-1.26	2.57	91.89	29.00	364.74	9.96	9.90	9.95	0.4180	26.19	24.69
EQU	0	11/05/22	22:43:12	27.05	NaN	1016.50	150.41	359.50	2.46	32.40	1018.10	-0.79	2.57	91.67	29.00	363.45	9.96	9.90	9.95	0.4160	26.19	24.44
EQU	0	11/05/22	22:44:42	27.12	NaN	1013.80	149.96	360.12	2.46	32.39	1018.10	-0.72	2.60	91.28	29.00	355.00	9.96	9.90	9.95	0.4180	26.12	24.50
EQU	0	11/05/22	22:46:13	27.21	NaN	1010.30	149.38	363.29	2.49	32.37	1018.10	-0.81	2.60	91.17	29.00	345.19	9.96	9.89	9.95	0.4170	26.12	24.50
EQU	0	11/05/22	22:47:43	27.21	NaN	1038.30	154.08	365.91	2.51	32.43	1018.20	-0.71	2.62	93.64	29.00	358.96	9.96	9.90	9.93	0.4160	26.12	25.06
EQU	0	11/05/22	22:49:14	27.35	NaN	1026.00	152.01	372.54	2.56	32.49	1018.40	-0.85	2.59	90.89	29.00	333.99	9.96	9.89	9.88	0.4140	26.19	25.69
EQU	0	11/05/22	22:50:44	27.49	NaN	1009.20	149.30	375.87	2.58	32.53	1018.00	-0.19	2.59	90.78	29.00	294.80	9.96	9.89	9.86	0.4140	26.25	26.00
EQU-DRAIN	0	11/05/22	22:52:15	27.57	NaN	992.47	146.55	379.62	2.61	32.61	1018.00	-0.59	2.56	88.68	29.00	250.57	9.96	9.89	9.88	0.4150	26.31	26.19
EQU	0	11/05/22	22:54:06	27.57	NaN	983.12	145.05	375.62	2.58	32.73	1018.00	-2.46	0.59	91.05	29.00	246.70	9.96	9.89	9.88	0.4140	26.44	26.19
EQU	0	11/05/22	22:55:37	27.63	NaN	1055.70	157.16	366.37	2.51	32.72	1018.10	-0.58	2.47	93.24	29.00	241.83	9.96	9.89	9.91	0.4160	26.44	25.94
EQU	0	11/05/22	22:57:07	28.06	NaN	1004.70	148.61	359.87	2.46	32.68	1018.00	-0.69	2.46	91.50	29.00	238.66	9.96	9.89	9.93	0.4160	26.50	25.56
EQU	0	11/05/22	22:58:38	27.92	NaN	1045.60	155.42	356.20	2.43	32.68	1018.10	0.13	2.46	93.75	29.00	246.10	9.96	9.89	9.94	0.4170	26.50	25.44
EQU	0	11/05/22	23:00:08	28.03	NaN	1101.70	164.91	355.20	2.43	32.66	1018.20	-1.08	2.48	91.28	29.00	253.59	9.96	9.89	9.94	0.4160	26.50	25.31
EQU	0	11/05/22	23:01:40	28.10	NaN	1132.30	170.14	355.41	2.43	32.61	1018.20	-0.87	2.49	91.50	29.00	258.00	9.96	9.89	9.95	0.4160	26.50	25.19
EQU	0	11/05/22	23:03:09	28.10	NaN	1151.50	173.45	351.91	2.40	32.62	1018.20	-0.61	2.53	91.56	29.00	262.34	9.96	9.89	9.95	0.4170	26.44	25.06
EQU	0	11/05/22	23:04:40	28.14	NaN	1155.10	174.06	349.83	2.39	32.58	1018.20	-0.52	2.53	91.78	29.00	298.65	9.96	9.89	9.95	0.4170	26.44	24.94
EQU	0	11/05/22	23:06:10	28.13	NaN	1176.00	177.67	349.54	2.38	32.52	1018.10	-0.95	2.48	91.89	29.00	333.70	9.96	9.89	9.95	0.4180	26.37	24.87
EQU	0	11/05/22	23:07:41	28.07	NaN	1211.80	183.96	350.58	2.39	32.52	1018.10	-1.08	2.54	92.00	29.00	356.16	9.96	9.89	9.95	0.4170	26.37	24.87
EQU	0	11/05/22	23:09:11	28.05	NaN	1255.70	191.70	351.70	2.40	32.45	1018.10	-0.55	2.52	91.72	29.00	364.27	9.96	9.89	9.95	0.4170	26.37	24.81
EQU	0	11/05/22	23:10:42	28.03	NaN	1284.10	196.77	351.66	2.40	32.42	1018.10	-0.70	1.86	91.78	29.00	366.36	9.96	9.89	9.95	0.4170	26.31	24.75
EQU	0	11/05/22	23:12:12	28.00	NaN	1303.70	200.31	352.41	2.40	32.39	1018.00	-0.61	2.53	94.95	29.00	365.75	9.96	9.89	9.95	0.4180	26.31	24.75
EQU	0	11/05/22	23:13:43	27.93	NaN	1326.80	204.47	354.87	2.42	32.35	1018.00	-0.68	2.52	93.41	29.00	363.76	9.96	9.89	9.95	0.4180	26.31	24.81
ATM	0	11/05/22	23:18:30	27.76	NaN	2034.70	348.62	729.29	5.61	32.36	1018.00	-0.40	2.53	96.27	29.00	222.65	9.96	9.89	9.95	0.4180	26.25	24.75
ATM	0	11/05/22	23:19:57	27.79	NaN	2013.50	343.85	727.33	5.59	32.33	1017.90	-0.88	2.46	96.04	29.00	234.40	9.96	9.88	9.95	0.4180	26.25	24.69
ATM	0	11/05/22	23:21:23	27.80	NaN	2035.30	348.66	734.37	5.65	32.26	1018.00	-0.56	2.63	95.93	29.00	279.31	9.96	9.89	9.95	0.4180	26.19	24.62
EQU-DRAIN	0	11/05/22	23:26:46	27.74	NaN	1286.50	197.35	379.41	2.61	32.53	1017.90	-0.96	2.66	91.61	29.00	269.43	9.96	9.89	9.91	0.4160	26.25	25.81
EQU	0	11/05/22	23:28:37	27.73	NaN	1288.30	197.65	371.79	2.55	32.55	1018.00	-0.68	2.70	90.50	29.00	254.61	9.96	9.89	9.91	0.4160	26.31	25.62
EQU	0	11/05/22	23:30:07	27.82	NaN	1278.30	195.89	369.70	2.54	32.56	1017.90	-0.67	2.68	89.89	29.00	255.14	9.96	9.89	9.90	0.4150	26.37	25.50
EQU	0	11/05/22	23:31:38	27.70	NaN	1278.60	195.96	367.58	2.52	32.63	1017.90	-0.64	2.70	91.61	29.00	256.45	9.96	9.89	9.90	0.4160	26.37	25.50
EQU	0	11/05/22	23:33:08	27.70	NaN	1323.10	204.03	365.58	2.51	32.62	1017.90	-0.55	2.68	92.40	29.00	252.60	9.96	9.88	9.90	0.4160	26.44	25.69
EQU	0	11/05/22	23:34:39	27.79	NaN	1346.50	208.32	364.50	2.50	32.66	1017.90	-0.75	2.69	90.83	29.00	253.27	9.96	9.88	9.88	0.4150	26.50	25.94
EQU	0	11/05/22	23:36:10	27.82	NaN	1335.10	206.26	367.00	2.52	32.69	1017.90	-0.47	2.71	88.68	29.00	245.96	9.96	9.88	9.87	0.4140	26.50	26.25
EQU	0	11/05/22	23:37:40	27.85	NaN	1319.70	203.48	365.37	2.51	32.72	1017.90	-0.48	2.70	89.61	29.00	253.04	9.96	9.89	9.87	0.4140	26.56	26.00
EQU	0	11/05/22	23:39:11	27.87	NaN	1297.30	199.43	360.87	2.47	32.75	1017.90	-0.74	2.71	91.22	29.00	248.97	9.96	9.89	9.88	0.4140	26.62	25.94
EQU	0	11/05/22	23:40:41	27.90	NaN	1280.00	196.34	361.62	2.48	32.79	1017.80	-0.93	2.70	90.06	29.00	256.45	9.96	9.89	9.88	0.4150	26.69	25.87
EQU	0	11/05/22	23:42:11	27.88	NaN	1276.10	195.64	359.62	2.46	32.78	1017.80	-0.64	2.71	92.12	29.00	246.12	9.96	9.89	9.90	0.4150	26.69	25.94
EQU	0	11/05/22	23:43:42	27.88	NaN	1298.50	199.68	357.95	2.45	32.78	1017.80	-0.67	2.73	90.61	29.00	259.60	9.96	9.89	9.90	0.4150	26.75	26.00
EQU	0	11/05/22	23:45:12	27.88	NaN	1286.40	197.48	349.70	2.39	32.77	1017.70	-0.88	2.71	92.96	29.00	299.42	9.96	9.89	9.94	0.4170	26.75	25.44
EQU	0	11/05/22	23:46:43	27.89	NaN	1287.40	197.62	346.45	2.36	32.69	1017.70	-0.83	2.72	92.68	29.00	342.40	9.96	9.89	9.94	0.4160	26.69	25.12
EQU	0	11/05/22	23:48:13	27.87	NaN	1284.40	197.10	348.12	2.37	32.72	1017.70	-0.89	2.74	91.72	29.00	357.02	9.96	9.89	9.95	0.4170	26.69	24.94
EQU	0	11/05/22	23:49:44	27.86	NaN	1276.60	195.67	346.08	2.36	32.65	1017.60	-0.58	2.74	89.72	29.00	358.04	9.96	9.89	9.95	0.4170	26.69	24.75
EQU	0	11/05/22	23:51:14	27.82	NaN	1292.30	198.46	346.12	2.36	32.60	1017.60	-0.78	2.73	91.05	29.00	359.47	9.96	9.90	9.95	0.4160	26.62	24.62
EQU-DRAIN	0	11/05/22	23:52:45	27.82	NaN	1302.00	200.17	343.41	2.34	32.55	1017.70	-0.74	2.73	92.73	29.00	369.10	9.96	9.90	9.95	0.4170	26.56	24.56
EQU	0	11/05/22	23:54:36	27.81	NaN	1291.60	198.24	343.04	2.33	32.44	1017.60	-0.79	2.74	91.00	29.00	368.92	9.96	9.90	9.95	0.4160	26.50	24.44
EQU	0	11/05/22	23:56:06	27.81	NaN	1287.80	197.50	346.00	2.36	32.41	1017.70	-0.75	2.75	89.50	29.00	368.39	9.96	9.90	9.95	0.4170	26.44	24.31
EQU	0	11/05/22	23:57:37	27.81	NaN	1278.80	195.90	349.66	2.38	32.40	1017.70	-0.68	2.73	87.48	29.00	367.13	9.96	9.90	9.95	0.4170	26.37	24.37
EQU	0	11/05/22	23:59:07	27.80	NaN	1280.40	196.17	350.87	2.39	32.37	1017.70	-0.81	2.76	90.89	29.00	366.88	9.96	9.90	9.95	0.4170	26.31	24.31
EQU	0	12/05/22	00:00:38	27.78	NaN	1295.90	198.96	350.87	2.39	32.33	1017.50	-0.60	2.74	90.94	29.00	365.10	9.96	9.90	9.95	0.4170	26.31	24.37
