Type	error	PC Date	PC Time	equ temp	std val	CO2 mv	CO2 um/m	H2O mv	H2O mm/m	licor temp	licor press	equ press	H2O flow	licor flow	equ pump	vent flow	atm cond	equ cond	drip 1	drip 2	cond temp	dry box temp
STD1z	0	10/05/22	20:58:38	23.38	0.00	-43.67	-5.90	13.17	0.08	33.96	1019.30	-0.48	3.08	66.40	30.00	202.78	9.96	9.87	8.61	0.3630	27.12	26.56
STD3s	0	10/05/22	21:03:29	22.85	0.00	4994.60	1353.90	13.29	0.08	33.94	1019.40	-0.64	3.03	66.54	30.00	207.54	9.96	9.87	9.26	0.3890	27.12	26.62
STD1	0	10/05/22	21:08:16	22.86	0.00	-44.12	-0.06	9.62	0.06	33.90	1019.10	-0.45	2.91	65.94	30.00	216.16	9.96	9.85	9.57	0.4020	27.12	26.12
STD1	0	10/05/22	21:09:43	22.88	0.00	-44.87	-0.17	9.25	0.06	33.87	1019.20	-0.53	2.88	65.80	30.00	222.54	9.96	9.72	9.76	0.4100	27.12	25.81
STD1	0	10/05/22	21:11:10	22.88	0.00	-45.85	-0.31	8.54	0.05	33.83	1019.20	-0.34	2.25	66.13	30.00	222.00	9.96	9.46	9.85	0.4120	27.12	25.75
STD2	0	10/05/22	21:15:56	22.89	608.37	3022.40	677.38	12.29	0.07	33.61	1019.20	-0.78	3.03	67.70	30.00	247.41	9.96	9.84	9.92	0.4160	26.94	25.25
STD2	0	10/05/22	21:17:23	22.90	608.37	3018.50	675.91	13.92	0.08	33.53	1019.20	-0.72	2.98	67.00	30.00	265.76	9.96	9.85	9.92	0.4160	26.87	25.12
STD2	0	10/05/22	21:18:49	22.90	608.37	3014.30	674.59	14.37	0.09	33.55	1019.20	-0.89	3.04	66.45	30.00	259.28	9.96	9.86	9.93	0.4160	26.87	25.25
STD3	0	10/05/22	21:23:36	22.90	1514.51	4982.60	1507.10	10.08	0.06	33.55	1019.10	-0.88	2.86	66.45	30.00	220.26	9.96	9.87	9.85	0.4130	26.87	26.31
STD3-DRAIN	0	10/05/22	21:25:03	22.92	1514.51	4988.90	1510.30	12.12	0.07	33.61	1019.20	-0.65	3.00	66.45	30.00	220.89	9.96	9.87	9.80	0.4110	26.81	26.50
STD3	0	10/05/22	21:26:50	22.93	1514.51	4982.60	1507.10	11.83	0.07	33.59	1019.20	-0.36	2.85	66.03	30.00	220.77	9.96	9.87	9.84	0.4130	26.87	26.19
ATM	0	10/05/22	21:31:37	22.94	NaN	1994.00	381.58	766.12	5.97	33.44	1019.00	-0.58	2.50	88.35	30.00	239.43	9.96	9.87	9.92	0.4160	26.81	25.44
ATM	0	10/05/22	21:33:05	22.89	NaN	2004.20	384.05	765.79	5.97	33.47	1019.20	-0.80	2.89	87.92	30.00	238.46	9.96	9.87	9.93	0.4170	26.81	25.50
ATM	0	10/05/22	21:34:32	22.83	NaN	2011.20	385.70	760.83	5.92	33.38	1019.20	-0.90	1.90	88.52	30.00	259.68	9.96	9.86	9.94	0.4170	26.75	25.25
EQU	0	10/05/22	21:39:57	22.96	NaN	7047.10	2862.60	389.04	2.69	33.14	1019.10	-0.79	2.78	88.79	30.00	308.50	9.96	9.87	9.94	0.4170	26.50	25.00
EQU	0	10/05/22	21:41:27	22.94	NaN	7114.50	2917.90	386.45	2.67	33.09	1019.10	-0.55	2.62	87.86	30.00	307.85	9.96	9.87	9.94	0.4170	26.44	25.06
EQU	0	10/05/22	21:42:57	23.07	NaN	7098.70	2904.30	386.12	2.67	33.08	1019.20	-0.84	2.14	89.45	30.00	306.74	9.96	9.87	9.93	0.4160	26.44	25.31
EQU	0	10/05/22	21:44:28	22.99	NaN	7109.70	2913.90	396.25	2.75	33.11	1019.20	-0.70	2.27	88.79	30.00	298.81	9.96	9.87	9.91	0.4160	26.44	25.69
EQU	0	10/05/22	21:45:58	23.07	NaN	7089.50	2897.50	394.45	2.73	33.13	1019.10	-1.10	2.53	91.44	30.00	297.93	9.96	9.87	9.89	0.4150	26.44	25.94
EQU	0	10/05/22	21:47:29	22.97	NaN	7103.30	2909.80	394.70	2.73	33.11	1019.00	-1.05	2.20	91.78	30.00	299.62	9.96	9.87	9.88	0.4150	26.44	26.19
EQU	0	10/05/22	21:48:59	22.91	NaN	7095.20	2518.00	396.83	2.75	33.20	1019.40	-0.73	2.40	90.66	30.00	302.37	9.96	9.87	9.88	0.4160	26.50	26.00
EQU	0	10/05/22	21:50:29	22.94	NaN	7089.80	2514.80	394.79	2.73	33.25	1019.40	-0.76	2.74	89.50	30.00	293.17	9.96	9.87	9.75	0.4100	26.50	26.12
EQU	0	10/05/22	21:52:00	23.18	NaN	7081.80	2509.50	386.45	2.67	33.28	1019.40	-1.02	2.70	90.33	30.00	254.97	9.96	9.87	9.69	0.4080	26.50	25.81
EQU	0	10/05/22	21:53:30	23.20	NaN	7111.70	2530.70	386.25	2.67	33.34	1019.40	-0.91	2.75	89.83	30.00	223.55	9.96	9.87	9.34	0.3930	26.50	25.81
EQU-DRAIN	0	10/05/22	21:55:01	23.22	NaN	7108.30	2528.50	384.54	2.66	33.26	1019.20	-2.54	2.74	92.00	30.00	209.39	9.96	9.87	9.27	0.3910	26.44	25.81
EQU	0	10/05/22	21:56:52	23.20	NaN	7016.90	2465.50	388.45	2.69	33.31	1019.30	-0.96	2.79	90.33	30.00	213.49	9.96	9.87	9.16	0.3860	26.50	26.06
EQU	0	10/05/22	21:58:23	23.06	NaN	7111.20	2530.20	393.79	2.73	33.28	1019.40	-0.81	2.78	91.84	30.00	213.05	9.96	9.87	9.14	0.3860	26.44	25.69
EQU	0	10/05/22	21:59:53	22.90	NaN	7093.90	2518.20	392.41	2.72	33.27	1019.30	-0.67	2.80	88.57	30.00	211.39	9.96	9.87	9.39	0.3950	26.44	25.62
EQU	0	10/05/22	22:01:24	22.86	NaN	7062.60	2495.90	390.41	2.70	33.14	1019.20	-0.87	2.75	91.39	30.00	207.47	9.96	9.87	9.61	0.4050	26.50	25.44
EQU	0	10/05/22	22:02:54	22.85	NaN	7058.00	2493.40	389.58	2.69	33.18	1019.20	-0.63	2.77	91.22	30.00	211.32	9.96	9.87	9.77	0.4100	26.44	25.56
EQU	0	10/05/22	22:04:25	22.85	NaN	7044.30	2483.40	387.58	2.68	33.10	1019.10	-0.62	2.74	90.06	30.00	222.20	9.96	9.87	9.86	0.4140	26.44	25.31
EQU	0	10/05/22	22:05:56	22.91	NaN	6975.10	2436.00	386.95	2.67	33.03	1019.10	-0.44	2.74	89.89	30.00	230.66	9.96	9.87	9.89	0.4140	26.44	25.06
EQU	0	10/05/22	22:07:26	22.92	NaN	7062.80	2495.10	386.95	2.67	32.99	1019.20	-0.64	2.73	91.28	30.00	236.47	9.96	9.87	9.90	0.4150	26.37	25.00
EQU	0	10/05/22	22:08:56	22.92	NaN	7067.50	2497.90	385.20	2.66	32.93	1019.10	-0.75	2.73	90.72	30.00	250.03	9.96	9.87	9.92	0.4170	26.37	24.94
EQU	0	10/05/22	22:10:27	22.92	NaN	7077.40	2504.70	386.04	2.66	32.92	1019.10	-0.30	2.74	91.22	30.00	258.60	9.96	9.87	9.93	0.4180	26.31	24.87
EQU	0	10/05/22	22:11:57	22.91	NaN	7074.70	2502.60	390.37	2.70	32.84	1019.10	-1.10	2.74	89.17	30.00	254.27	9.96	9.87	9.93	0.4170	26.31	24.62
EQU	0	10/05/22	22:13:28	22.90	NaN	7077.20	2504.70	391.87	2.71	32.83	1019.00	-0.95	2.75	90.55	30.00	248.68	9.96	9.87	9.93	0.4170	26.25	24.12
EQU	0	10/05/22	22:14:58	22.90	NaN	7079.00	2505.80	395.20	2.74	32.84	1019.00	-1.38	2.75	87.43	30.00	237.91	9.96	9.87	9.91	0.4160	26.25	24.06
EQU	0	10/05/22	22:16:29	22.90	NaN	7071.10	2499.80	400.33	2.77	32.79	1019.10	0.07	2.75	86.78	30.00	221.87	9.96	9.87	9.90	0.4160	26.19	24.75
EQU	0	10/05/22	22:17:59	22.89	NaN	7058.70	2491.80	407.00	2.83	32.80	1019.00	0.41	2.75	86.56	30.00	219.35	9.96	9.87	9.86	0.4150	26.25	25.37
EQU	0	10/05/22	22:19:30	22.88	NaN	7059.30	2492.60	411.87	2.87	32.89	1019.10	0.36	2.76	84.16	30.00	217.57	9.96	9.87	9.82	0.4130	26.25	25.81
EQU	0	10/05/22	22:21:00	22.85	NaN	7057.20	2491.90	410.12	2.85	32.94	1019.00	-0.25	2.74	89.34	30.00	217.40	9.96	9.87	9.81	0.4120	26.31	25.50
EQU	0	10/05/22	22:22:31	22.80	NaN	7057.10	2491.10	405.83	2.82	32.87	1019.00	0.27	2.76	91.11	30.00	218.02	9.96	9.87	9.84	0.4150	26.31	25.44
EQU	0	10/05/22	22:24:01	22.76	NaN	7050.70	2486.10	397.29	2.75	32.85	1019.10	-0.72	2.74	89.17	30.00	222.62	9.96	9.87	9.89	0.4160	26.31	25.19
EQU-DRAIN	0	10/05/22	22:25:32	22.79	NaN	7049.90	2484.70	394.45	2.73	32.79	1019.20	-0.90	2.73	90.83	30.00	225.90	9.96	9.87	9.89	0.4160	26.31	25.19
EQU	0	10/05/22	22:27:23	22.81	NaN	7056.30	2489.60	394.91	2.73	32.80	1019.10	-0.90	1.85	87.86	30.00	227.43	9.96	9.87	9.88	0.4150	26.25	25.19
EQU	0	10/05/22	22:28:53	22.86	NaN	7063.10	2493.70	394.58	2.73	32.73	1019.10	-0.72	2.38	87.81	30.00	231.05	9.96	9.87	9.90	0.4160	26.25	25.00
EQU	0	10/05/22	22:30:24	22.92	NaN	7076.30	2502.10	393.58	2.72	32.69	1019.20	-0.94	2.74	87.70	30.00	234.05	9.96	9.88	9.91	0.4160	26.19	24.94
EQU	0	10/05/22	22:31:54	22.89	NaN	7083.40	2507.80	393.79	2.72	32.74	1019.10	-0.93	2.70	99.25	30.00	248.33	9.96	9.88	9.92	0.4170	26.19	24.94
EQU	0	10/05/22	22:33:25	22.86	NaN	7091.40	2512.90	394.33	2.73	32.69	1019.10	-0.81	2.74	87.92	30.00	248.41	9.96	9.87	9.92	0.4180	26.12	25.00
EQU	0	10/05/22	22:34:56	22.81	NaN	7021.30	2463.90	394.70	2.73	32.64	1019.20	-1.21	2.70	86.35	30.00	249.41	9.96	9.87	9.92	0.4170	26.12	24.87
EQU	0	10/05/22	22:36:26	22.82	NaN	7045.50	2480.10	393.41	2.72	32.58	1019.10	-1.01	2.72	87.59	30.00	243.84	9.96	9.88	9.91	0.4170	26.06	25.00
EQU	0	10/05/22	22:37:56	22.85	NaN	7064.10	2493.20	394.37	2.73	32.66	1019.20	-1.68	2.73	87.32	30.00	235.25	9.96	9.88	9.90	0.4160	26.06	25.12
EQU	0	10/05/22	22:39:27	22.83	NaN	7073.80	2500.60	401.70	2.78	32.71	1019.20	-0.96	2.74	89.28	30.00	219.70	9.96	9.88	9.88	0.4160	26.12	25.50
EQU	0	10/05/22	22:40:57	22.83	NaN	7071.50	2499.50	407.79	2.83	32.81	1019.20	-0.89	2.74	87.64	30.00	217.51	9.96	9.88	9.85	0.4150	26.12	25.87
EQU	0	10/05/22	22:42:28	22.87	NaN	7052.50	2487.20	410.62	2.86	32.90	1019.20	-1.08	1.96	87.37	30.00	217.44	9.96	9.88	9.83	0.4140	26.19	26.12
EQU	0	10/05/22	22:43:58	22.99	NaN	7052.00	2486.70	406.20	2.82	32.88	1019.20	-0.67	2.74	87.59	30.00	216.60	9.96	9.88	9.82	0.4140	26.25	26.19
EQU	0	10/05/22	22:45:29	23.04	NaN	7072.90	2501.40	398.29	2.76	32.92	1019.20	-0.59	1.77	85.97	30.00	216.69	9.96	9.87	9.86	0.4140	26.25	25.87
EQU	0	10/05/22	22:46:59	23.24	NaN	7074.50	2501.90	394.87	2.73	32.93	1019.40	-0.87	2.77	87.53	30.00	217.65	9.96	9.87	9.88	0.4150	26.31	25.75
EQU	0	10/05/22	22:48:30	23.14	NaN	7126.60	2537.40	392.91	2.72	32.85	1019.30	-0.92	2.75	90.61	30.00	220.96	9.96	9.87	9.90	0.4150	26.31	25.50
EQU	0	10/05/22	22:50:00	23.07	NaN	7121.20	2533.80	395.75	2.74	32.94	1019.40	-0.24	2.71	89.78	30.00	222.97	9.96	9.87	9.79	0.4120	26.31	25.81
EQU	0	10/05/22	22:51:31	23.07	NaN	7097.00	2516.80	391.70	2.71	32.90	1019.40	-1.01	2.74	88.73	30.00	219.89	9.96	9.87	9.74	0.4100	26.31	25.69
EQU	0	10/05/22	22:53:01	23.09	NaN	7094.80	2517.30	395.04	2.74	33.09	1019.30	-1.21	2.74	87.37	30.00	217.81	9.96	9.87	9.45	0.3980	26.31	26.19
EQU	0	10/05/22	22:54:32	23.09	NaN	7098.10	2519.50	393.95	2.73	33.12	1019.40	-0.40	2.77	90.55	30.00	214.69	9.96	9.87	9.35	0.3930	26.31	26.06
EQU-DRAIN	0	10/05/22	22:56:02	23.07	NaN	7100.10	2520.80	390.62	2.70	33.15	1019.50	-0.45	2.76	89.34	30.00	214.78	9.96	9.87	9.30	0.3920	26.37	25.62
EQU	0	10/05/22	22:57:54	23.05	NaN	7094.80	2516.50	387.95	2.68	33.03	1019.40	-6.08	0.62	88.19	30.00	220.73	9.96	9.85	9.38	0.3960	26.31	25.62
EQU	0	10/05/22	22:59:24	23.17	NaN	6967.90	2430.40	393.66	2.72	33.10	1019.40	-0.85	2.73	86.88	30.00	220.56	9.96	9.65	9.36	0.3930	26.31	26.00
EQU	0	10/05/22	23:00:55	23.18	NaN	7083.00	2508.90	397.66	2.76	33.10	1019.40	-0.85	2.74	89.06	30.00	219.87	9.96	9.77	9.15	0.3860	26.37	26.19
EQU	0	10/05/22	23:02:25	23.03	NaN	7125.10	2538.50	398.50	2.76	33.13	1019.40	-0.79	2.77	88.46	30.00	212.82	9.96	9.81	9.16	0.3860	26.44	26.25
EQU	0	10/05/22	23:03:56	22.89	NaN	7084.00	2510.30	401.00	2.78	33.18	1019.40	-1.14	2.79	89.67	30.00	212.21	9.96	9.83	9.12	0.3840	26.44	26.37
EQU	0	10/05/22	23:05:26	22.86	NaN	7096.20	2518.70	402.20	2.79	33.14	1019.40	-0.50	2.80	87.37	30.00	212.53	9.96	9.84	9.09	0.3840	26.50	26.31
EQU	0	10/05/22	23:06:57	22.90	NaN	7075.00	2504.70	405.08	2.82	33.22	1019.40	-0.70	2.76	87.75	30.00	213.12	9.96	9.85	9.03	0.3810	26.50	26.37
EQU	0	10/05/22	23:08:27	22.89	NaN	7071.90	2502.10	405.54	2.82	33.17	1019.40	-0.46	2.74	87.37	30.00	213.21	9.96	9.86	9.14	0.3860	26.50	26.19
EQU	0	10/05/22	23:09:58	22.87	NaN	7082.10	2509.60	403.45	2.80	33.23	1019.40	-1.28	2.72	88.63	30.00	213.32	9.96	9.86	9.13	0.3850	26.56	26.06
ATM	0	10/05/22	23:14:45	22.88	NaN	2020.20	345.98	784.37	6.14	33.28	1019.30	-0.63	2.72	89.78	30.00	216.90	9.96	9.87	8.92	0.3770	26.62	26.44
ATM	0	10/05/22	23:16:12	22.87	NaN	2016.30	345.21	782.41	6.13	33.37	1019.30	-0.49	2.72	88.95	30.00	216.96	9.96	9.87	8.70	0.3670	26.69	26.75
ATM	0	10/05/22	23:17:38	22.89	NaN	2009.70	343.72	785.25	6.15	33.37	1019.40	-1.00	2.71	89.23	30.00	215.46	9.96	9.87	8.33	0.3530	26.75	27.00
EQU	0	10/05/22	23:23:01	22.87	NaN	7022.60	2471.80	392.91	2.72	33.64	1019.40	-0.89	2.73	92.28	30.00	213.48	9.96	9.87	9.06	0.3820	26.87	26.06
EQU	0	10/05/22	23:24:31	22.88	NaN	7082.50	2512.70	392.95	2.72	33.58	1019.40	-0.65	2.72	92.79	30.00	213.49	9.96	9.87	9.31	0.3910	26.87	26.00
EQU-DRAIN	0	10/05/22	23:26:02	22.86	NaN	7067.40	2501.90	392.37	2.72	33.56	1019.40	-0.87	2.72	89.12	30.00	213.42	9.96	9.87	9.46	0.3970	26.87	26.06
EQU	0	10/05/22	23:27:53	22.83	NaN	7054.80	2492.90	384.91	2.66	33.55	1019.40	-1.50	2.72	91.67	30.00	213.86	9.96	9.87	9.57	0.4010	26.87	26.00
EQU	0	10/05/22	23:29:24	22.86	NaN	7054.70	2493.10	387.66	2.68	33.60	1019.50	-0.91	2.73	90.39	30.00	214.36	9.96	9.87	9.60	0.4030	26.87	26.12
EQU	0	10/05/22	23:30:54	22.86	NaN	7060.00	2496.60	391.83	2.71	33.53	1019.40	-0.37	2.72	90.33	30.00	214.45	9.96	9.87	9.57	0.4010	26.87	26.25
EQU	0	10/05/22	23:32:25	22.84	NaN	7055.70	2494.00	388.83	2.69	33.50	1019.30	-1.35	2.71	91.00	30.00	213.91	9.96	9.87	9.62	0.4040	26.87	26.06
EQU	0	10/05/22	23:33:56	22.84	NaN	6975.60	2438.80	386.58	2.67	33.44	1019.30	-1.00	2.72	89.56	30.00	217.03	9.96	9.87	9.76	0.4090	26.87	25.62
EQU	0	10/05/22	23:35:26	22.82	NaN	7032.70	2477.80	383.50	2.65	33.54	1019.40	-0.58	2.71	90.33	30.00	231.70	9.96	9.87	9.76	0.4100	26.87	25.81
EQU	0	10/05/22	23:36:56	22.82	NaN	7061.20	2498.00	382.33	2.64	33.57	1019.30	-0.81	2.71	89.89	30.00	232.16	9.96	9.87	9.45	0.3970	26.87	26.06
EQU	0	10/05/22	23:38:27	22.83	NaN	7058.90	2495.60	379.08	2.61	33.49	1019.30	-0.81	2.70	92.62	30.00	220.95	9.96	9.87	9.25	0.3890	26.87	26.06
EQU	0	10/05/22	23:39:57	22.90	NaN	7078.90	2509.60	376.33	2.59	33.51	1019.30	-0.90	2.72	90.33	30.00	212.33	9.96	9.87	8.98	0.3780	26.81	26.00
EQU	0	10/05/22	23:41:28	22.91	NaN	7083.10	2512.80	380.29	2.62	33.50	1019.30	-0.72	2.73	91.56	30.00	212.69	9.96	9.87	8.55	0.3600	26.81	26.37
EQU	0	10/05/22	23:42:58	22.86	NaN	7071.40	2505.60	387.95	2.68	33.60	1019.30	-0.70	2.71	87.26	30.00	215.33	9.96	9.87	8.27	0.3480	26.81	26.50
EQU	0	10/05/22	23:44:29	22.81	NaN	7077.50	2509.90	394.12	2.73	33.59	1019.20	-0.83	2.71	89.89	30.00	218.28	9.96	9.87	8.02	0.3400	26.87	26.56
EQU	0	10/05/22	23:45:59	22.78	NaN	7073.60	2507.10	398.08	2.76	33.62	1019.30	-0.71	2.70	89.23	30.00	219.23	9.96	9.87	7.83	0.3310	26.87	26.69
EQU	0	10/05/22	23:47:30	22.77	NaN	7076.60	2509.30	398.20	2.77	33.65	1019.40	-1.14	2.68	90.28	30.00	219.62	9.96	9.87	8.13	0.3430	26.94	26.56
EQU	0	10/05/22	23:49:00	22.84	NaN	7068.10	2503.50	399.25	2.77	33.66	1019.40	-0.37	2.69	88.95	30.00	220.56	9.96	9.87	8.16	0.3450	26.94	26.69
EQU	0	10/05/22	23:50:31	22.95	NaN	7020.40	2470.20	397.95	2.76	33.61	1019.40	-0.78	2.67	87.64	30.00	219.96	9.96	9.87	8.45	0.3570	26.94	26.44
EQU	0	10/05/22	23:52:01	22.94	NaN	7028.80	2476.20	393.83	2.73	33.65	1019.40	-0.67	2.68	90.22	30.00	220.48	9.96	9.87	8.63	0.3630	26.94	26.19
EQU	0	10/05/22	23:53:32	22.89	NaN	7031.70	2478.30	388.75	2.69	33.65	1019.40	-0.24	2.67	89.72	30.00	220.48	9.96	9.87	9.08	0.3810	26.94	26.12
EQU	0	10/05/22	23:55:02	23.08	NaN	7013.30	2465.20	385.87	2.67	33.59	1019.40	-0.56	2.68	88.52	30.00	220.62	9.96	9.87	9.04	0.3810	26.94	26.50
EQU-DRAIN	0	10/05/22	23:56:33	23.74	NaN	6684.70	2248.70	385.20	2.66	33.56	1019.30	-0.72	2.67	88.52	30.00	224.91	9.96	9.87	9.32	0.3910	26.94	26.12
EQU	0	10/05/22	23:58:24	23.50	NaN	6530.10	2151.20	380.37	2.62	33.51	1019.30	-1.08	2.68	89.67	30.00	244.31	9.96	9.87	9.73	0.4070	26.87	25.69
EQU	0	10/05/22	23:59:55	23.39	NaN	6781.50	2309.20	380.16	2.62	33.37	1019.40	-1.17	2.69	88.35	30.00	257.61	9.96	9.87	9.82	0.4110	26.81	25.37
EQU	0	11/05/22	00:01:25	23.56	NaN	6782.50	2309.30	377.91	2.60	33.30	1019.30	-0.96	2.71	89.45	30.00	291.57	9.96	9.88	9.87	0.4130	26.81	25.25
