Type	error	PC Date	PC Time	equ temp	std val	CO2 mv	CO2 um/m	H2O mv	H2O mm/m	licor temp	licor press	equ press	H2O flow	licor flow	equ pump	vent flow	atm cond	equ cond	drip 1	drip 2	cond temp	dry box temp
EQU	0	11/05/22	00:02:56	23.49	NaN	6646.10	2221.60	381.54	2.63	33.30	1019.40	-0.90	2.71	89.06	30.00	303.65	9.96	9.88	9.87	0.4130	26.75	25.25
EQU	0	11/05/22	00:04:26	23.36	NaN	6728.40	2274.10	382.75	2.64	33.30	1019.40	-0.77	2.72	89.45	30.00	312.39	9.96	9.88	9.83	0.4110	26.75	25.56
EQU	0	11/05/22	00:05:57	23.49	NaN	6852.40	2355.40	386.87	2.67	33.35	1019.40	-0.83	2.70	88.35	30.00	264.21	9.96	9.88	9.77	0.4100	26.75	25.94
EQU	0	11/05/22	00:07:27	23.54	NaN	6942.90	2416.00	389.87	2.70	33.39	1019.40	-0.70	2.75	88.08	30.00	223.05	9.96	9.87	9.73	0.4080	26.75	26.25
EQU	0	11/05/22	00:08:58	23.47	NaN	6983.10	2443.30	391.25	2.71	33.40	1019.30	-0.75	2.77	88.35	30.00	202.26	9.96	9.87	9.70	0.4060	26.81	26.44
EQU	0	11/05/22	00:10:28	23.55	NaN	7016.10	2465.40	389.12	2.69	33.36	1019.30	-0.96	2.78	89.01	30.00	201.83	9.96	9.87	9.70	0.4060	26.81	26.31
EQU	0	11/05/22	00:11:59	23.56	NaN	6988.90	2445.90	383.29	2.64	33.25	1019.30	-0.90	2.76	87.48	30.00	202.37	9.96	9.87	9.80	0.4110	26.81	25.87
EQU	0	11/05/22	00:13:29	23.61	NaN	6940.40	2413.30	380.45	2.62	33.28	1019.40	-0.83	2.74	89.94	30.00	207.89	9.96	9.87	9.85	0.4140	26.75	25.62
EQU	0	11/05/22	00:15:00	23.78	NaN	6870.80	2366.60	379.62	2.62	33.25	1019.40	-0.83	2.73	87.97	30.00	245.34	9.96	9.87	9.89	0.4140	26.75	25.44
EQU	0	11/05/22	00:16:30	23.79	NaN	6823.40	2334.70	377.91	2.60	33.17	1019.40	-0.75	2.74	88.73	30.00	287.27	9.96	9.87	9.91	0.4150	26.69	25.19
EQU	0	11/05/22	00:18:00	23.79	NaN	6793.00	2314.50	376.25	2.59	33.12	1019.40	-0.93	2.74	87.48	30.00	309.38	9.96	9.87	9.92	0.4160	26.69	25.00
EQU	0	11/05/22	00:19:31	23.76	NaN	6783.20	2307.40	374.87	2.58	33.03	1019.40	-0.88	2.72	88.63	30.00	309.01	9.96	9.87	9.93	0.4160	26.62	24.81
EQU	0	11/05/22	00:21:01	23.73	NaN	6769.90	2298.00	373.54	2.57	32.97	1019.50	-1.02	2.73	88.79	30.00	308.44	9.96	9.87	9.93	0.4170	26.56	24.69
EQU	0	11/05/22	00:22:32	23.69	NaN	6766.90	2296.30	371.95	2.55	32.96	1019.40	-1.08	2.72	88.52	30.00	313.16	9.96	9.80	9.94	0.4160	26.50	24.62
EQU	0	11/05/22	00:24:03	23.64	NaN	6783.80	2306.10	371.58	2.55	32.82	1019.40	-1.35	2.74	88.08	30.00	316.98	9.96	9.86	9.94	0.4160	26.44	24.50
EQU	0	11/05/22	00:25:33	23.60	NaN	6802.50	2317.70	369.45	2.53	32.78	1019.50	-0.90	2.74	89.45	30.00	319.50	9.96	9.87	9.93	0.4160	26.37	24.69
EQU-DRAIN	0	11/05/22	00:27:04	23.40	NaN	6833.30	2338.20	373.66	2.57	32.82	1019.50	-1.04	2.73	86.62	30.00	317.96	9.96	9.87	9.91	0.4160	26.37	25.12
EQU	0	11/05/22	00:28:55	23.44	NaN	6851.50	2351.00	378.33	2.60	32.93	1019.50	-0.78	2.73	88.73	30.00	320.02	9.96	9.87	9.89	0.4140	26.37	25.62
EQU	0	11/05/22	00:30:25	23.58	NaN	6856.10	2354.30	380.95	2.62	32.93	1019.40	-0.96	2.75	89.67	30.00	321.29	9.96	9.87	9.88	0.4140	26.44	25.81
EQU	0	11/05/22	00:31:56	23.60	NaN	6818.40	2329.70	382.16	2.63	32.97	1019.50	-0.85	2.74	88.13	30.00	324.23	9.96	9.88	9.88	0.4140	26.44	25.87
EQU	0	11/05/22	00:33:26	23.63	NaN	6846.00	2348.00	380.83	2.62	32.99	1019.40	-1.02	2.76	87.43	30.00	322.81	9.96	9.88	9.86	0.4130	26.50	26.00
EQU	0	11/05/22	00:34:57	23.59	NaN	6858.70	2356.70	378.66	2.61	33.02	1019.40	-0.91	2.75	86.72	30.00	282.27	9.96	9.85	9.85	0.4130	26.50	25.94
EQU	0	11/05/22	00:36:27	23.51	NaN	6864.40	2360.20	372.91	2.56	33.01	1019.40	-1.04	2.77	87.43	30.00	260.62	9.96	8.59	9.89	0.4140	26.50	25.50
EQU	0	11/05/22	00:37:58	23.46	NaN	6874.70	2365.60	366.75	2.51	32.84	1019.40	-1.03	2.77	87.75	30.00	249.18	9.96	9.84	9.92	0.4140	26.50	25.12
EQU	0	11/05/22	00:39:28	23.38	NaN	6887.50	2374.00	364.83	2.50	32.84	1019.50	-0.90	2.75	88.79	30.00	293.35	9.96	9.85	9.92	0.4160	26.44	24.87
EQU	0	11/05/22	00:40:59	23.28	NaN	6888.10	2373.60	362.54	2.48	32.74	1019.40	-1.06	2.76	86.94	30.00	337.89	9.96	9.85	9.93	0.4160	26.37	24.62
EQU	0	11/05/22	00:42:29	23.24	NaN	6912.40	2389.40	361.00	2.47	32.69	1019.40	-1.08	2.73	88.79	30.00	363.51	9.96	9.85	9.94	0.4160	26.31	24.37
EQU	0	11/05/22	00:44:00	23.22	NaN	6933.60	2402.60	359.70	2.46	32.57	1019.40	-1.14	2.80	87.64	30.00	365.63	9.96	9.85	9.94	0.4170	26.25	24.25
EQU	0	11/05/22	00:45:30	23.16	NaN	6950.80	2413.80	359.25	2.45	32.53	1019.40	-1.19	2.80	88.46	30.00	369.24	9.96	9.86	9.93	0.4170	26.12	24.25
EQU	0	11/05/22	00:47:00	23.15	NaN	6944.20	2409.40	364.33	2.49	32.54	1019.50	-0.99	2.80	87.32	30.00	368.37	9.96	9.87	9.92	0.4170	26.06	24.56
EQU	0	11/05/22	00:48:31	23.16	NaN	6925.50	2396.60	371.50	2.55	32.54	1019.50	-1.26	2.81	87.97	30.00	321.42	9.96	9.87	9.90	0.4160	26.06	25.00
EQU	0	11/05/22	00:50:01	23.18	NaN	6915.10	2389.80	375.50	2.58	32.52	1019.50	-1.00	2.79	87.97	30.00	273.84	9.96	9.87	9.88	0.4140	26.06	25.25
EQU	0	11/05/22	00:51:32	23.15	NaN	6914.60	2389.80	376.54	2.59	32.55	1019.50	-1.05	2.78	86.99	30.00	228.27	9.96	9.87	9.86	0.4130	26.06	25.37
EQU	0	11/05/22	00:53:02	23.17	NaN	6921.80	2394.80	377.45	2.59	32.57	1019.50	-0.61	2.81	88.52	30.00	228.58	9.96	9.87	9.85	0.4140	26.12	25.50
ATM-DRAIN	0	11/05/22	00:57:50	23.15	NaN	2042.70	350.00	730.54	5.61	32.57	1019.40	-0.66	2.79	89.39	30.00	223.97	9.96	9.87	9.86	0.4140	26.12	25.25
ATM	0	11/05/22	00:59:38	23.15	NaN	2025.60	346.08	716.75	5.48	32.51	1019.40	-1.00	2.82	89.28	30.00	224.33	9.96	9.87	9.90	0.4150	26.12	24.75
ATM	0	11/05/22	01:01:06	23.10	NaN	2021.60	345.17	717.41	5.49	32.48	1019.40	-1.10	2.82	89.17	30.00	238.80	9.96	9.87	9.91	0.4160	26.06	24.56
EQU	0	11/05/22	01:06:30	23.20	NaN	6880.00	2365.70	369.00	2.53	32.39	1019.40	-1.00	2.82	90.94	30.00	229.35	9.96	9.87	9.89	0.4160	25.87	24.75
EQU	0	11/05/22	01:08:00	23.22	NaN	6855.40	2349.20	373.41	2.56	32.35	1019.40	-1.05	2.82	92.00	30.00	226.05	9.96	9.87	9.86	0.4150	25.87	25.12
EQU	0	11/05/22	01:09:31	23.22	NaN	6879.50	2365.50	374.70	2.57	32.39	1019.40	-0.89	2.81	92.73	30.00	224.23	9.96	9.87	9.84	0.4140	25.87	25.44
EQU	0	11/05/22	01:11:02	23.20	NaN	6848.10	2345.40	377.79	2.60	32.45	1019.40	-0.70	2.82	91.33	30.00	225.36	9.96	9.87	9.81	0.4130	25.87	25.62
EQU	0	11/05/22	01:12:33	23.17	NaN	6992.70	2442.10	377.37	2.59	32.48	1019.40	-0.93	2.82	92.40	30.00	227.28	9.96	9.87	9.80	0.4130	25.94	25.75
EQU	0	11/05/22	01:14:04	23.12	NaN	6995.30	2444.60	379.91	2.61	32.55	1019.30	-1.02	2.87	90.22	30.00	226.79	9.96	9.87	9.77	0.4110	25.94	25.81
EQU	0	11/05/22	01:15:35	23.13	NaN	6997.90	2446.70	381.29	2.62	32.57	1019.30	-0.70	2.91	90.00	30.00	223.77	9.96	9.87	9.75	0.4110	26.00	25.94
EQU	0	11/05/22	01:17:05	23.09	NaN	7008.20	2454.50	382.66	2.64	32.67	1019.30	-0.70	2.91	90.28	30.00	224.27	9.96	9.87	9.75	0.4110	26.06	26.00
EQU	0	11/05/22	01:18:36	23.09	NaN	6890.00	2375.70	385.00	2.65	32.73	1019.30	-0.71	2.85	90.44	30.00	225.62	9.96	9.87	9.76	0.4110	26.12	26.12
EQU	0	11/05/22	01:20:06	23.10	NaN	6967.40	2427.80	384.08	2.65	32.77	1019.30	-0.70	2.83	89.78	30.00	224.76	9.96	9.87	9.75	0.4100	26.19	26.12
EQU	0	11/05/22	01:21:36	23.06	NaN	7027.00	2468.50	384.12	2.65	32.84	1019.30	-0.67	2.82	89.06	30.00	223.10	9.96	9.87	9.74	0.4090	26.19	26.25
EQU	0	11/05/22	01:23:07	23.07	NaN	7025.70	2467.80	384.87	2.65	32.85	1019.30	-0.63	2.83	89.06	30.00	223.51	9.96	9.87	9.74	0.4090	26.31	26.31
EQU	0	11/05/22	01:24:37	23.05	NaN	7036.10	2475.60	385.33	2.66	32.96	1019.40	-0.76	2.83	89.72	30.00	224.40	9.96	9.87	9.74	0.4090	26.31	26.31
EQU	0	11/05/22	01:26:08	23.08	NaN	7035.90	2475.80	384.95	2.66	32.98	1019.30	-0.79	2.83	88.68	30.00	222.46	9.96	9.86	9.74	0.4090	26.37	26.31
EQU-DRAIN	0	11/05/22	01:27:38	23.06	NaN	7026.20	2469.00	379.83	2.62	32.96	1019.30	-0.82	2.83	89.12	30.00	224.63	9.96	9.87	9.83	0.4120	26.37	25.81
EQU	0	11/05/22	01:29:30	23.00	NaN	7037.00	2475.60	369.00	2.53	32.88	1019.30	-0.79	2.82	88.63	30.00	242.80	9.96	9.87	9.90	0.4150	26.31	25.06
EQU	0	11/05/22	01:31:00	23.00	NaN	7035.40	2473.80	367.08	2.52	32.82	1019.40	-0.92	2.81	88.95	30.00	256.49	9.96	9.87	9.92	0.4160	26.19	24.75
EQU	0	11/05/22	01:32:31	23.03	NaN	7019.90	2462.70	367.62	2.52	32.77	1019.40	-0.91	2.81	88.35	30.00	260.59	9.96	9.87	9.93	0.4170	26.12	24.50
EQU	0	11/05/22	01:34:01	23.05	NaN	7026.30	2466.80	373.16	2.56	32.73	1019.40	-0.97	2.83	88.79	30.00	247.81	9.96	9.87	9.91	0.4160	26.06	24.75
EQU	0	11/05/22	01:35:31	23.04	NaN	7020.40	2463.60	380.91	2.62	32.82	1019.40	-0.72	2.82	89.17	30.00	236.65	9.96	9.87	9.90	0.4150	26.06	25.25
EQU	0	11/05/22	01:37:02	22.95	NaN	7026.50	2468.00	383.95	2.65	32.83	1019.40	-0.70	2.80	89.39	30.00	228.11	9.96	9.87	9.89	0.4150	26.06	25.56
EQU	0	11/05/22	01:38:33	22.94	NaN	7029.00	2469.80	387.25	2.67	32.85	1019.40	-0.65	2.82	89.61	30.00	225.92	9.96	9.87	9.88	0.4150	26.06	25.81
EQU	0	11/05/22	01:40:03	22.93	NaN	7033.70	2473.40	389.75	2.69	32.92	1019.40	-0.62	2.81	89.17	30.00	228.26	9.96	9.87	9.87	0.4140	26.12	25.94
EQU	0	11/05/22	01:41:34	22.95	NaN	7045.50	2481.30	389.20	2.69	32.91	1019.40	-0.77	2.82	89.78	30.00	228.16	9.96	9.87	9.86	0.4130	26.19	26.06
EQU	0	11/05/22	01:43:04	22.95	NaN	7057.70	2490.30	386.91	2.67	32.98	1019.40	-0.65	2.82	89.45	30.00	227.11	9.96	9.87	9.86	0.4140	26.25	26.12
EQU	0	11/05/22	01:44:35	22.96	NaN	7053.80	2488.00	387.87	2.68	33.03	1019.40	-0.68	2.82	89.34	30.00	223.83	9.96	9.87	9.84	0.4140	26.25	26.25
EQU	0	11/05/22	01:46:05	22.93	NaN	7069.70	2499.20	387.66	2.68	33.09	1019.50	-0.59	2.82	89.72	30.00	221.77	9.96	9.87	9.84	0.4120	26.31	26.31
EQU	0	11/05/22	01:47:36	22.95	NaN	7015.60	2462.80	389.70	2.69	33.14	1019.40	-0.71	2.82	88.24	30.00	222.84	9.96	9.87	9.81	0.4110	26.31	26.37
EQU	0	11/05/22	01:49:06	22.97	NaN	7056.10	2491.10	388.87	2.69	33.19	1019.40	-0.64	2.81	88.46	30.00	219.96	9.96	9.86	9.79	0.4100	26.44	26.50
EQU	0	11/05/22	01:50:37	23.00	NaN	7054.30	2490.20	389.29	2.69	33.26	1019.40	-0.65	2.81	88.41	30.00	216.98	9.96	9.86	9.78	0.4100	26.44	26.56
EQU	0	11/05/22	01:52:07	22.99	NaN	7047.10	2485.60	389.04	2.69	33.30	1019.40	-0.68	2.79	88.90	30.00	217.19	9.96	9.87	9.76	0.4090	26.56	26.62
EQU	0	11/05/22	01:53:37	23.01	NaN	7036.00	2478.50	389.25	2.69	33.35	1019.40	-0.66	2.78	89.28	30.00	216.93	9.96	9.86	9.75	0.4080	26.56	26.69
EQU	0	11/05/22	01:55:08	23.01	NaN	7028.70	2474.30	387.87	2.68	33.45	1019.40	-0.60	2.79	89.28	30.00	214.57	9.96	9.87	9.73	0.4080	26.62	26.75
EQU	0	11/05/22	01:56:38	23.00	NaN	7022.80	2470.40	388.04	2.68	33.47	1019.40	-0.65	2.81	89.67	30.00	215.40	9.96	9.87	9.73	0.4070	26.69	26.75
EQU-DRAIN	0	11/05/22	01:58:09	22.98	NaN	7015.80	2465.30	383.12	2.65	33.42	1019.40	-0.89	2.81	88.95	30.00	217.62	9.96	9.87	9.84	0.4130	26.69	26.37
EQU	0	11/05/22	02:00:00	22.96	NaN	7004.50	2457.60	379.33	2.62	33.44	1019.40	-0.72	2.81	89.12	30.00	238.11	9.96	9.87	9.90	0.4150	26.69	26.00
EQU	0	11/05/22	02:01:31	22.93	NaN	6998.90	2452.90	378.29	2.61	33.36	1019.50	-0.68	2.81	89.50	30.00	250.62	9.96	9.87	9.92	0.4160	26.62	25.75
EQU	0	11/05/22	02:03:01	22.91	NaN	7000.60	2453.50	379.45	2.62	33.31	1019.50	-0.77	2.82	88.46	30.00	271.28	9.96	9.87	9.93	0.4150	26.56	25.62
EQU	0	11/05/22	02:04:32	22.90	NaN	7009.20	2459.70	379.75	2.62	33.35	1019.50	-0.70	2.81	89.17	30.00	254.19	9.96	9.87	9.90	0.4150	26.50	25.69
EQU	0	11/05/22	02:06:02	22.87	NaN	7018.00	2465.60	384.45	2.65	33.34	1019.50	-0.75	2.80	89.67	30.00	241.87	9.96	9.87	9.89	0.4140	26.50	26.06
EQU	0	11/05/22	02:07:33	22.89	NaN	7025.70	2471.40	385.54	2.66	33.42	1019.50	-0.68	2.80	89.06	30.00	218.16	9.96	9.56	9.87	0.4130	26.50	26.31
EQU	0	11/05/22	02:09:03	22.88	NaN	7040.50	2482.10	387.25	2.68	33.48	1019.50	-0.67	2.80	89.12	30.00	215.90	9.96	9.86	9.86	0.4130	26.56	26.50
EQU	0	11/05/22	02:10:34	22.86	NaN	7044.20	2484.50	388.37	2.69	33.49	1019.60	-0.74	2.82	89.89	30.00	214.39	9.96	9.86	9.84	0.4120	26.56	26.62
EQU	0	11/05/22	02:12:04	22.86	NaN	7027.20	2473.10	390.20	2.70	33.55	1019.60	-0.70	2.82	88.68	30.00	216.51	9.96	9.86	9.82	0.4120	26.62	26.75
EQU	0	11/05/22	02:13:35	22.89	NaN	7026.80	2472.90	389.00	2.69	33.55	1019.60	-0.61	2.82	88.57	30.00	215.50	9.96	9.87	9.81	0.4110	26.62	26.81
EQU	0	11/05/22	02:15:05	22.90	NaN	7016.80	2468.40	391.41	2.71	33.83	1019.60	-0.81	2.81	88.35	30.00	214.79	9.96	9.87	9.79	0.4100	26.69	25.87
EQU	0	11/05/22	02:16:36	22.86	NaN	7000.20	2459.10	394.12	2.74	34.06	1019.60	-0.58	2.82	89.01	30.00	214.07	9.96	9.87	9.77	0.4090	26.81	26.25
EQU	0	11/05/22	02:18:06	22.81	NaN	7001.30	2461.70	391.45	2.72	34.29	1019.60	-0.70	2.82	89.56	30.00	213.66	9.96	9.87	9.75	0.4080	26.87	26.31
EQU	0	11/05/22	02:19:37	22.81	NaN	6991.20	2456.30	389.62	2.70	34.48	1019.60	-0.70	2.92	88.30	30.00	213.31	9.96	9.87	9.73	0.4080	26.94	26.12
EQU	0	11/05/22	02:21:07	22.82	NaN	6986.60	2454.70	388.16	2.69	34.68	1019.60	-0.63	2.94	89.61	30.00	213.22	9.96	9.87	9.71	0.4060	27.00	26.06
EQU	0	11/05/22	02:22:38	22.81	NaN	6987.50	2456.70	386.58	2.68	34.86	1019.60	-0.59	2.94	89.45	30.00	213.45	9.96	9.87	9.69	0.4060	27.00	26.19
EQU	0	11/05/22	02:24:08	22.82	NaN	6992.50	2461.50	385.37	2.68	35.05	1019.60	-0.72	2.85	89.23	30.00	211.91	9.96	9.87	9.66	0.4040	27.12	26.25
EQU	0	11/05/22	02:25:39	22.80	NaN	6989.60	2461.00	384.87	2.67	35.24	1019.60	-0.65	2.82	89.61	30.00	207.72	9.96	9.87	9.64	0.4040	27.19	26.31
EQU	0	11/05/22	02:27:09	22.80	NaN	6992.50	2464.20	384.37	2.67	35.40	1019.60	-0.65	2.83	88.63	30.00	208.44	9.96	9.87	9.62	0.4040	27.25	26.31
EQU-DRAIN	0	11/05/22	02:28:40	22.80	NaN	6994.70	2467.30	384.12	2.67	35.61	1019.60	-0.62	2.82	89.39	30.00	212.10	9.96	9.87	9.59	0.4010	27.25	26.44
EQU	0	11/05/22	02:30:31	22.79	NaN	6986.00	2463.30	383.33	2.67	35.82	1019.60	-0.61	2.82	88.73	30.00	212.77	9.96	9.87	9.57	0.4020	27.37	26.25
EQU	0	11/05/22	02:32:02	22.78	NaN	6992.00	2468.50	381.25	2.65	35.98	1019.60	-0.66	2.82	89.23	30.00	209.67	9.96	9.87	9.66	0.4040	27.37	25.56
EQU	0	11/05/22	02:33:32	22.78	NaN	6984.80	2465.00	379.08	2.64	36.16	1019.60	-0.66	2.96	89.34	30.00	208.81	9.96	9.87	9.82	0.4110	27.37	25.06
EQU	0	11/05/22	02:35:03	22.76	NaN	6992.00	2471.00	376.08	2.61	36.30	1019.60	-0.57	2.98	88.46	30.00	220.56	9.96	9.87	9.88	0.4140	27.37	24.62
EQU	0	11/05/22	02:36:33	22.76	NaN	6977.30	2462.20	374.95	2.61	36.47	1019.60	-0.72	3.00	89.61	30.00	232.23	9.96	9.88	9.90	0.4140	27.31	24.81
STD1	0	11/05/22	02:41:21	22.75	0.00	-38.25	-5.21	13.46	0.08	36.91	1019.70	-0.58	3.00	66.45	30.00	219.60	9.96	9.88	9.84	0.4110	27.25	26.00
STD1	0	11/05/22	02:42:47	22.76	0.00	-40.00	-5.45	11.37	0.07	37.03	1019.70	-0.67	2.92	66.45	30.00	216.45	9.96	9.88	9.83	0.4110	27.31	26.06
STD1	0	11/05/22	02:44:13	22.75	0.00	-41.12	-5.61	10.33	0.06	37.18	1019.70	-0.65	2.93	66.40	30.00	214.62	9.96	9.88	9.81	0.4110	27.31	26.19
STD2	0	11/05/22	02:49:00	22.77	608.37	3046.00	616.50	14.08	0.09	37.61	1019.70	-0.58	2.96	67.42	30.00	226.55	9.96	9.88	9.77	0.4090	27.37	26.25
STD2	0	11/05/22	02:50:27	22.76	608.37	3034.10	613.15	15.87	0.10	37.71	1019.70	-0.70	3.00	66.36	30.00	233.85	9.96	9.88	9.76	0.4080	27.44	26.25
STD2	0	11/05/22	02:51:53	22.75	608.37	3026.00	610.98	15.67	0.10	37.84	1019.70	-0.93	3.01	66.17	30.00	235.95	9.96	9.88	9.75	0.4070	27.44	26.25
STD3	0	11/05/22	02:56:40	22.58	1514.51	4940.30	1326.90	12.25	0.08	38.20	1019.70	-0.61	3.01	67.33	30.00	217.13	9.96	9.88	9.69	0.4060	27.50	26.31
STD3-DRAIN	0	11/05/22	02:58:06	22.63	1514.51	4956.20	1334.70	14.17	0.09	38.33	1019.70	-0.81	3.01	67.10	30.00	222.06	9.96	9.88	9.67	0.4040	27.56	26.31
STD3	0	11/05/22	02:59:54	22.69	1514.51	4918.10	1317.80	13.00	0.08	38.44	1019.70	-0.64	3.03	67.00	30.00	221.73	9.96	9.88	9.65	0.4040	27.56	26.37
ATM	0	11/05/22	03:04:40	22.69	NaN	2027.30	353.64	746.66	5.88	38.82	1019.60	-0.64	3.01	91.72	30.00	234.95	9.96	9.88	9.60	0.4020	27.62	26.25
ATM	0	11/05/22	03:06:07	22.66	NaN	2035.10	355.47	747.66	5.89	38.88	1019.70	-0.66	3.02	91.44	30.00	228.26	9.96	9.88	9.68	0.4050	27.62	25.75
ATM	0	11/05/22	03:07:33	22.64	NaN	2033.50	355.19	737.00	5.79	38.98	1019.70	-0.64	3.01	91.22	30.00	229.77	9.96	9.88	9.80	0.4100	27.62	25.19
EQU	0	11/05/22	03:12:55	22.65	NaN	6891.30	2424.90	375.83	2.64	39.17	1019.70	-0.72	3.03	90.55	30.00	272.26	9.96	9.88	9.87	0.4120	27.44	25.50
EQU	0	11/05/22	03:14:25	22.66	NaN	6965.90	2476.30	373.37	2.62	39.24	1019.70	-0.67	3.03	90.44	30.00	257.43	9.96	9.88	9.86	0.4130	27.37	25.94
EQU	0	11/05/22	03:15:56	22.64	NaN	6854.30	2401.30	376.12	2.64	39.34	1019.70	-0.75	3.02	88.79	30.00	239.88	9.96	9.88	9.84	0.4110	27.37	26.00
EQU	0	11/05/22	03:17:26	22.68	NaN	6926.60	2450.70	378.00	2.66	39.40	1019.70	-0.62	3.03	88.63	30.00	241.88	9.96	9.88	9.83	0.4110	27.37	26.12
EQU	0	11/05/22	03:18:56	22.64	NaN	6924.90	2450.30	381.29	2.68	39.48	1019.70	-0.75	3.03	86.72	30.00	245.01	9.96	9.88	9.82	0.4110	27.37	26.12
EQU	0	11/05/22	03:20:27	22.65	NaN	6933.20	2456.40	381.45	2.68	39.54	1019.70	-0.68	3.04	87.05	30.00	245.13	9.96	9.88	9.80	0.4100	27.37	26.12
EQU	0	11/05/22	03:21:58	22.70	NaN	6939.10	2460.70	382.70	2.69	39.58	1019.70	-0.67	3.05	86.78	30.00	245.24	9.96	9.88	9.79	0.4090	27.37	26.19
EQU	0	11/05/22	03:23:28	22.74	NaN	6944.20	2464.60	382.58	2.69	39.63	1019.70	-0.70	3.04	86.88	30.00	246.20	9.96	9.88	9.78	0.4090	27.44	26.19
EQU	0	11/05/22	03:24:58	22.72	NaN	6950.60	2469.70	382.04	2.69	39.71	1019.70	-0.82	3.08	87.64	30.00	246.52	9.96	9.88	9.77	0.4080	27.44	26.19
EQU	0	11/05/22	03:26:29	22.72	NaN	6950.90	2470.10	381.16	2.68	39.72	1019.60	0.45	3.09	85.65	30.00	245.89	9.96	9.88	9.75	0.4070	27.44	26.25
EQU-DRAIN	0	11/05/22	03:27:59	22.65	NaN	6949.50	2470.10	381.20	2.68	39.84	1019.60	-0.51	3.08	87.37	30.00	246.12	9.96	9.88	9.73	0.4070	27.44	26.31
EQU	0	11/05/22	03:29:51	22.62	NaN	6928.80	2456.20	379.75	2.67	39.87	1019.60	-0.78	3.01	87.48	30.00	242.78	9.96	9.88	9.72	0.4070	27.50	26.25
EQU	0	11/05/22	03:31:21	22.59	NaN	6932.20	2459.20	380.12	2.68	39.97	1019.60	-0.75	3.02	86.40	30.00	239.20	9.96	9.88	9.70	0.4060	27.50	26.31
EQU	0	11/05/22	03:32:52	22.58	NaN	6961.70	2479.80	380.33	2.68	39.99	1019.60	-0.58	3.06	86.88	30.00	234.58	9.96	9.88	9.68	0.4040	27.50	26.31
EQU	0	11/05/22	03:34:22	22.62	NaN	6968.80	2485.10	380.20	2.68	40.03	1019.60	-0.81	3.06	88.90	30.00	235.28	9.96	9.88	9.67	0.4040	27.56	26.31
EQU	0	11/05/22	03:35:53	22.67	NaN	6985.80	2497.40	380.00	2.68	40.13	1019.60	-0.63	3.06	85.86	30.00	236.27	9.96	9.88	9.65	0.4040	27.56	26.37
EQU	0	11/05/22	03:37:23	22.72	NaN	7016.10	2518.70	379.58	2.67	40.19	1019.60	-0.63	3.07	87.53	30.00	238.46	9.96	9.85	9.63	0.4040	27.56	26.37
EQU	0	11/05/22	03:38:54	22.73	NaN	7034.00	2531.60	379.25	2.67	40.23	1019.60	-0.74	3.06	86.56	30.00	239.61	9.96	9.55	9.61	0.4020	27.62	26.37
EQU	0	11/05/22	03:40:24	22.69	NaN	7035.20	2533.00	378.58	2.67	40.29	1019.70	-0.72	3.06	87.05	30.00	239.37	9.96	9.70	9.59	0.4010	27.62	26.44
EQU	0	11/05/22	03:41:55	22.61	NaN	7032.90	2531.60	378.62	2.67	40.33	1019.60	-0.64	3.06	86.62	30.00	239.12	9.96	9.76	9.57	0.4000	27.62	26.44
EQU	0	11/05/22	03:43:25	22.56	NaN	7027.20	2528.20	378.66	2.67	40.39	1019.60	-0.61	3.05	85.97	30.00	238.15	9.96	9.73	9.56	0.4000	27.69	26.50
EQU	0	11/05/22	03:44:56	22.62	NaN	6982.30	2497.30	380.25	2.68	40.44	1019.60	-0.54	3.07	85.86	30.00	237.30	9.96	9.78	9.53	0.3980	27.69	26.50
EQU	0	11/05/22	03:46:26	22.62	NaN	7009.80	2517.20	379.20	2.67	40.52	1019.60	-0.78	3.06	87.05	30.00	236.35	9.96	9.77	9.51	0.3980	27.69	26.56
EQU	0	11/05/22	03:47:57	22.58	NaN	7009.50	2517.40	378.45	2.67	40.57	1019.60	-0.70	3.06	86.88	30.00	233.73	9.96	9.77	9.49	0.3980	27.69	26.56
EQU	0	11/05/22	03:49:27	22.51	NaN	7019.60	2525.00	378.87	2.67	40.63	1019.60	-0.70	3.05	85.38	30.00	233.73	9.96	9.78	9.48	0.3970	27.69	26.50
EQU	0	11/05/22	03:50:58	22.48	NaN	7008.70	2517.80	379.41	2.68	40.68	1019.60	-0.68	3.06	86.83	30.00	235.69	9.96	9.84	9.47	0.3970	27.75	26.62
EQU	0	11/05/22	03:52:28	22.52	NaN	7036.70	2537.90	379.25	2.68	40.75	1019.60	-0.70	3.06	85.38	30.00	238.80	9.96	9.83	9.45	0.3960	27.75	26.62
EQU	0	11/05/22	03:53:59	22.56	NaN	7040.40	2540.50	379.33	2.68	40.73	1019.60	-0.70	3.06	85.75	30.00	236.67	9.96	9.83	9.44	0.3960	27.75	26.62
EQU	0	11/05/22	03:55:29	22.56	NaN	7028.30	2532.60	380.83	2.69	40.79	1019.60	-0.83	3.05	86.08	30.00	235.30	9.96	9.85	9.43	0.3940	27.75	26.62
EQU	0	11/05/22	03:57:00	22.52	NaN	7043.60	2543.90	379.54	2.68	40.84	1019.50	-0.72	3.04	86.88	30.00	236.06	9.96	9.84	9.42	0.3950	27.75	26.62
EQU-DRAIN	0	11/05/22	03:58:30	22.53	NaN	7050.70	2549.40	378.45	2.67	40.91	1019.50	-0.71	3.06	86.56	30.00	237.04	9.96	9.84	9.41	0.3940	27.81	26.69
EQU	0	11/05/22	04:00:22	22.53	NaN	7046.90	2547.10	376.79	2.66	40.92	1019.50	-0.51	3.06	84.74	30.00	235.50	9.96	9.85	9.40	0.3940	27.81	26.69
EQU	0	11/05/22	04:01:52	22.55	NaN	7055.90	2554.00	376.04	2.65	41.00	1019.50	-0.64	3.06	86.56	30.00	230.75	9.96	9.86	9.39	0.3930	27.81	26.69
EQU	0	11/05/22	04:03:23	22.55	NaN	7063.30	2559.40	374.54	2.64	41.02	1019.50	-0.61	3.06	86.08	30.00	228.97	9.96	9.83	9.38	0.3930	27.81	26.75
EQU	0	11/05/22	04:04:53	22.50	NaN	7068.30	2563.40	373.54	2.63	41.07	1019.50	-0.58	3.07	86.72	30.00	230.83	9.96	9.86	9.36	0.3920	27.81	26.75
EQU	0	11/05/22	04:06:24	22.50	NaN	7073.60	2567.20	372.70	2.63	41.10	1019.50	-0.68	3.06	86.67	30.00	231.21	9.96	9.86	9.35	0.3910	27.87	26.81
EQU	0	11/05/22	04:07:54	22.50	NaN	7076.60	2569.90	372.66	2.63	41.13	1019.40	-0.48	3.07	86.35	30.00	231.51	9.96	9.87	9.33	0.3910	27.87	26.81
EQU	0	11/05/22	04:09:25	22.53	NaN	7080.40	2573.10	371.29	2.62	41.20	1019.40	-0.64	3.06	86.83	30.00	233.24	9.96	9.86	9.38	0.3920	27.87	26.44
EQU	0	11/05/22	04:10:55	22.49	NaN	7085.40	2576.60	368.33	2.59	41.17	1019.40	-0.29	3.07	86.56	30.00	237.70	9.96	9.84	9.60	0.4010	27.81	26.00
EQU	0	11/05/22	04:12:26	22.51	NaN	6984.70	2506.20	370.04	2.61	41.21	1019.40	-0.90	3.06	86.18	30.00	260.55	9.96	9.87	9.77	0.4090	27.81	25.56
EQU	0	11/05/22	04:13:56	22.44	NaN	7051.80	2553.20	366.25	2.58	41.23	1019.40	-0.72	3.08	85.75	30.00	277.66	9.96	9.86	9.77	0.4090	27.75	25.81
EQU	0	11/05/22	04:15:27	22.51	NaN	7080.60	2573.60	364.62	2.57	41.27	1019.50	-0.62	3.07	86.56	30.00	270.64	9.96	9.86	9.76	0.4080	27.69	26.06
EQU	0	11/05/22	04:16:57	22.60	NaN	7080.10	2573.20	366.62	2.58	41.26	1019.50	-0.73	3.08	85.86	30.00	244.70	9.96	9.86	9.75	0.4080	27.69	26.25
EQU	0	11/05/22	04:18:27	22.56	NaN	7098.20	2586.40	367.62	2.59	41.28	1019.40	-0.72	3.07	86.56	30.00	237.16	9.96	9.87	9.76	0.4080	27.62	26.37
EQU	0	11/05/22	04:19:58	22.55	NaN	7093.30	2582.90	368.75	2.60	41.29	1019.50	-0.63	3.06	85.92	30.00	237.80	9.96	9.87	9.78	0.4090	27.62	26.37
EQU	0	11/05/22	04:21:28	22.50	NaN	7102.90	2589.80	369.37	2.60	41.28	1019.40	-0.71	3.08	85.06	30.00	239.39	9.96	9.86	9.79	0.4090	27.62	26.44
EQU	0	11/05/22	04:22:59	22.51	NaN	7112.90	2596.80	368.08	2.59	41.28	1019.40	-0.70	3.05	84.79	30.00	241.24	9.96	9.83	9.79	0.4090	27.62	26.44
EQU	0	11/05/22	04:24:29	22.45	NaN	7103.30	2590.30	368.20	2.59	41.31	1019.40	-0.66	3.06	102.40	30.00	242.65	9.96	9.86	9.80	0.4090	27.62	26.50
EQU	0	11/05/22	04:26:00	22.42	NaN	7093.30	2583.50	367.41	2.59	41.34	1019.40	-0.67	3.05	86.24	30.00	243.84	9.96	9.88	9.80	0.4100	27.62	26.50
EQU	0	11/05/22	04:27:30	22.40	NaN	7074.90	2570.90	367.66	2.59	41.38	1019.40	-0.68	3.06	84.63	30.00	244.31	9.96	9.89	9.80	0.4090	27.62	26.50
EQU-DRAIN	0	11/05/22	04:29:01	22.37	NaN	7055.90	2557.90	367.50	2.59	41.43	1019.40	-0.70	3.06	85.33	30.00	244.45	9.96	9.89	9.81	0.4090	27.69	26.50
EQU	0	11/05/22	04:30:52	22.36	NaN	7020.60	2533.40	366.75	2.58	41.46	1019.40	-0.64	3.10	86.02	30.00	244.03	9.96	9.89	9.81	0.4090	27.69	26.50
EQU	0	11/05/22	04:32:23	22.38	NaN	7011.10	2526.50	367.25	2.59	41.44	1019.40	-0.75	3.10	86.02	30.00	243.65	9.96	9.89	9.81	0.4090	27.69	26.56
EQU	0	11/05/22	04:33:53	22.39	NaN	7002.00	2520.00	367.87	2.59	41.42	1019.40	-0.61	3.04	85.01	30.00	243.74	9.96	9.89	9.81	0.4090	27.69	26.56
EQU	0	11/05/22	04:35:24	22.36	NaN	7002.70	2521.20	367.70	2.59	41.49	1019.40	-0.66	3.03	86.40	30.00	243.54	9.96	9.89	9.81	0.4100	27.69	26.62
EQU	0	11/05/22	04:36:54	22.37	NaN	6991.80	2513.60	367.66	2.59	41.49	1019.40	-0.64	3.06	85.59	30.00	243.08	9.96	9.89	9.82	0.4100	27.69	26.56
EQU	0	11/05/22	04:38:25	22.34	NaN	6991.60	2513.80	367.08	2.59	41.51	1019.30	-0.64	3.06	85.01	30.00	242.17	9.96	9.89	9.82	0.4100	27.69	26.56
EQU	0	11/05/22	04:39:55	22.37	NaN	6971.50	2500.30	367.79	2.59	41.55	1019.30	-0.67	3.07	85.49	30.00	241.46	9.96	9.89	9.82	0.4100	27.75	26.62
EQU	0	11/05/22	04:41:26	22.37	NaN	6899.00	2450.10	369.79	2.61	41.48	1019.20	-0.72	3.04	84.74	30.00	241.51	9.96	9.89	9.82	0.4110	27.75	26.62
EQU	0	11/05/22	04:42:56	22.35	NaN	6949.90	2485.50	368.87	2.60	41.53	1019.20	-0.73	3.05	85.06	30.00	242.28	9.96	9.89	9.82	0.4110	27.75	26.62
ATM	0	11/05/22	04:47:43	22.31	NaN	2084.00	370.04	716.50	5.65	41.56	1019.10	-0.64	3.08	91.95	30.00	230.12	9.96	9.87	9.82	0.4100	27.81	26.69
ATM	0	11/05/22	04:49:10	22.41	NaN	2107.10	375.61	719.37	5.68	41.66	1019.10	-0.66	3.08	92.00	30.00	230.22	9.96	9.88	9.82	0.4100	27.75	26.62
ATM	0	11/05/22	04:50:36	22.42	NaN	2093.80	372.45	712.41	5.61	41.65	1019.10	-0.69	3.07	91.95	30.00	229.26	9.96	9.89	9.83	0.4100	27.81	26.69
EQU	0	11/05/22	04:55:59	22.36	NaN	6893.30	2448.70	370.83	2.62	41.69	1019.00	-0.68	3.08	45.51	30.00	227.33	9.96	9.89	9.83	0.4100	27.81	26.69
EQU	0	11/05/22	04:57:30	22.36	NaN	6970.30	2502.30	367.41	2.59	41.75	1019.00	-0.68	3.07	85.65	30.00	237.49	9.96	9.89	9.83	0.4100	27.81	26.69
EQU-DRAIN	0	11/05/22	04:59:00	22.32	NaN	6952.10	2489.70	366.37	2.58	41.75	1019.00	-0.73	3.08	85.81	30.00	240.48	9.96	9.86	9.83	0.4110	27.81	26.75
EQU	0	11/05/22	05:00:51	22.32	NaN	6948.10	2486.90	364.70	2.57	41.74	1019.00	-0.74	3.07	85.27	30.00	250.32	9.96	9.88	9.83	0.4090	27.81	26.75
EQU	0	11/05/22	05:02:22	22.34	NaN	6942.90	2483.70	365.29	2.58	41.75	1019.00	-0.81	3.07	85.92	30.00	242.21	9.96	9.89	9.83	0.4110	27.87	26.75
EQU	0	11/05/22	05:03:52	22.32	NaN	6933.80	2477.80	366.33	2.59	41.80	1018.90	-0.45	3.04	85.43	30.00	241.25	9.96	9.89	9.83	0.4100	27.81	26.75
EQU	0	11/05/22	05:05:23	22.35	NaN	6944.40	2485.30	367.08	2.59	41.81	1018.90	-0.55	3.07	86.08	30.00	237.07	9.96	9.89	9.83	0.4110	27.87	26.75
EQU	0	11/05/22	05:06:53	22.34	NaN	6950.80	2490.10	367.75	2.60	41.86	1018.90	-0.74	3.08	84.58	30.00	241.76	9.96	9.89	9.83	0.4100	27.87	26.75
EQU	0	11/05/22	05:08:24	22.36	NaN	6949.30	2489.20	368.37	2.60	41.87	1018.90	-0.70	3.07	85.38	30.00	246.90	9.96	9.88	9.83	0.4100	27.87	26.75
EQU	0	11/05/22	05:09:54	22.35	NaN	6951.10	2490.50	368.95	2.61	41.88	1018.90	-0.56	3.08	85.59	30.00	248.77	9.96	9.88	9.84	0.4110	27.87	26.75
EQU	0	11/05/22	05:11:25	22.34	NaN	6953.20	2491.70	369.83	2.61	41.84	1018.90	-0.78	3.04	86.78	30.00	249.02	9.96	9.88	9.84	0.4110	27.87	26.81
EQU	0	11/05/22	05:12:56	22.34	NaN	6811.50	2395.50	372.04	2.63	41.90	1018.90	-0.70	3.06	86.24	30.00	242.87	9.96	9.89	9.84	0.4100	27.87	26.81
EQU	0	11/05/22	05:14:26	22.33	NaN	6893.60	2451.60	370.54	2.62	41.94	1018.90	-0.58	3.06	85.17	30.00	235.32	9.96	9.89	9.83	0.4100	27.87	26.81
EQU	0	11/05/22	05:15:56	22.31	NaN	6938.40	2482.40	369.75	2.61	41.94	1018.90	-0.72	3.06	94.04	30.00	233.52	9.96	9.89	9.83	0.4110	27.87	26.81
EQU	0	11/05/22	05:17:27	22.32	NaN	6937.30	2481.60	370.16	2.62	41.93	1018.90	-0.64	3.06	84.47	30.00	238.43	9.96	9.89	9.83	0.4100	27.87	26.81
EQU	0	11/05/22	05:18:57	22.32	NaN	6939.00	2482.90	370.33	2.62	41.94	1018.90	-0.55	3.08	85.65	30.00	242.81	9.96	9.89	9.83	0.4100	27.94	26.81
EQU	0	11/05/22	05:20:28	22.33	NaN	6938.10	2482.60	370.50	2.62	42.00	1018.90	-0.68	3.08	84.63	30.00	241.71	9.96	9.89	9.83	0.4100	27.87	26.87
EQU	0	11/05/22	05:21:58	22.32	NaN	6936.90	2481.60	370.54	2.62	41.97	1018.90	-0.70	3.08	84.95	30.00	238.23	9.96	9.89	9.83	0.4100	27.94	26.81
EQU	0	11/05/22	05:23:29	22.32	NaN	6921.00	2470.90	371.16	2.63	41.99	1018.90	-0.61	3.09	84.32	30.00	241.36	9.96	9.89	9.83	0.4100	27.94	26.81
EQU	0	11/05/22	05:24:59	22.30	NaN	6930.40	2477.60	370.08	2.62	42.03	1018.90	-0.95	3.10	85.22	30.00	245.39	9.96	9.89	9.83	0.4110	27.94	26.87
EQU	0	11/05/22	05:26:30	22.31	NaN	6939.10	2483.50	369.70	2.61	42.01	1018.90	-0.68	3.10	71.35	30.00	246.07	9.96	9.89	9.83	0.4100	27.94	26.87
EQU	0	11/05/22	05:28:00	22.30	NaN	6942.40	2486.10	370.25	2.62	42.05	1018.90	-0.66	3.10	85.86	30.00	245.30	9.96	9.89	9.83	0.4090	27.94	26.87
EQU-DRAIN	0	11/05/22	05:29:31	22.28	NaN	6942.90	2486.40	371.00	2.62	42.02	1018.80	-0.65	3.10	85.27	30.00	245.04	9.96	9.89	9.83	0.4100	27.94	26.87
EQU	0	11/05/22	05:31:22	22.29	NaN	6927.30	2475.90	370.00	2.62	42.08	1018.90	-0.52	3.10	85.49	30.00	246.83	9.96	9.89	9.83	0.4100	27.94	26.94
EQU	0	11/05/22	05:32:53	22.36	NaN	6937.30	2482.60	370.58	2.62	42.04	1018.80	-0.90	3.10	85.43	30.00	246.17	9.96	9.89	9.83	0.4090	27.94	26.87
EQU	0	11/05/22	05:34:23	22.37	NaN	6945.70	2489.00	371.45	2.63	42.10	1018.80	-0.75	3.10	86.56	30.00	241.82	9.96	9.89	9.83	0.4100	27.94	26.81
EQU	0	11/05/22	05:35:54	22.35	NaN	6955.30	2495.60	369.04	2.61	42.10	1018.80	-0.75	3.10	85.59	30.00	238.39	9.96	9.89	9.85	0.4110	27.94	26.25
EQU	0	11/05/22	05:37:24	22.30	NaN	6964.50	2501.70	367.45	2.60	42.06	1018.80	-0.81	3.10	85.81	30.00	258.38	9.96	9.90	9.89	0.4130	27.87	25.62
EQU	0	11/05/22	05:38:55	22.33	NaN	6967.50	2504.10	365.79	2.58	42.10	1018.80	-0.56	3.10	86.02	30.00	305.28	9.96	9.90	9.92	0.4130	27.81	25.37
EQU	0	11/05/22	05:40:25	22.30	NaN	6954.70	2494.90	366.12	2.59	42.07	1018.80	-0.68	3.10	84.47	30.00	311.78	9.96	9.90	9.91	0.4130	27.75	25.62
EQU	0	11/05/22	05:41:56	22.28	NaN	6908.60	2463.60	367.12	2.59	42.10	1018.80	-0.83	3.09	85.27	30.00	282.94	9.96	9.90	9.91	0.4130	27.69	25.94
EQU	0	11/05/22	05:43:26	22.33	NaN	6953.70	2494.50	369.50	2.61	42.08	1018.80	-0.75	3.10	85.22	30.00	245.62	9.96	9.90	9.91	0.4130	27.62	26.25
EQU	0	11/05/22	05:44:57	22.32	NaN	6956.00	2495.50	370.45	2.62	42.01	1018.80	-0.87	3.08	86.24	30.00	242.41	9.96	9.90	9.91	0.4130	27.62	26.31
EQU	0	11/05/22	05:46:27	22.27	NaN	6950.30	2491.80	371.58	2.63	42.04	1018.80	-1.38	3.09	88.08	30.00	243.51	9.96	9.90	9.91	0.4130	27.56	26.44
EQU	0	11/05/22	05:47:58	22.25	NaN	6941.00	2484.80	372.41	2.64	41.97	1018.80	-0.86	3.10	85.75	30.00	261.00	9.96	9.90	9.91	0.4130	27.62	26.44
EQU	0	11/05/22	05:49:28	22.28	NaN	6928.80	2476.70	373.70	2.65	42.01	1018.80	-0.78	3.09	85.59	30.00	281.57	9.96	9.90	9.91	0.4120	27.56	26.50
EQU	0	11/05/22	05:50:59	22.27	NaN	6913.70	2465.80	373.75	2.65	41.94	1018.80	-0.75	3.09	86.08	30.00	292.10	9.96	9.90	9.91	0.4140	27.56	26.50
EQU	0	11/05/22	05:52:29	22.30	NaN	6927.90	2475.90	374.25	2.65	41.97	1018.80	-0.79	3.10	85.75	30.00	287.69	9.96	9.90	9.91	0.4130	27.62	26.50
EQU	0	11/05/22	05:54:00	22.28	NaN	6941.90	2485.50	374.04	2.65	41.97	1018.80	-0.73	3.11	85.01	30.00	281.21	9.96	9.89	9.91	0.4130	27.62	26.50
EQU	0	11/05/22	05:55:30	22.25	NaN	6959.60	2497.80	374.29	2.65	41.99	1018.80	-0.72	3.10	84.85	30.00	265.51	9.96	9.89	9.91	0.4130	27.62	26.50
EQU	0	11/05/22	05:57:01	22.27	NaN	6967.30	2503.20	374.37	2.65	42.00	1018.80	-0.86	3.07	85.75	30.00	253.14	9.96	9.89	9.90	0.4130	27.62	26.50
EQU	0	11/05/22	05:58:31	22.29	NaN	6975.00	2508.20	374.37	2.65	41.97	1018.80	-0.75	3.10	85.70	30.00	245.01	9.96	9.89	9.90	0.4140	27.62	26.50
EQU-DRAIN	0	11/05/22	06:00:01	22.30	NaN	6978.70	2510.90	374.66	2.65	41.98	1018.90	-0.84	3.11	84.95	30.00	254.09	9.96	9.89	9.90	0.4130	27.62	26.56
EQU	0	11/05/22	06:01:53	22.29	NaN	6960.00	2497.50	372.04	2.63	41.96	1018.90	-0.71	3.10	86.18	30.00	253.59	9.96	9.89	9.90	0.4120	27.69	26.56
EQU	0	11/05/22	06:03:24	22.28	NaN	6966.00	2501.70	372.29	2.63	41.95	1018.90	-0.89	3.10	84.26	30.00	252.49	9.96	9.89	9.90	0.4130	27.62	26.56
EQU	0	11/05/22	06:04:54	22.27	NaN	6964.10	2501.30	371.37	2.63	42.04	1018.80	-0.93	3.10	85.86	30.00	240.08	9.96	9.89	9.90	0.4130	27.62	26.56
EQU	0	11/05/22	06:06:25	22.27	NaN	6960.80	2498.80	370.20	2.62	42.02	1018.80	-0.83	3.10	85.86	30.00	240.92	9.96	9.89	9.90	0.4130	27.62	26.62
EQU	0	11/05/22	06:07:55	22.26	NaN	6955.30	2495.00	369.45	2.61	42.00	1018.80	-0.85	3.10	84.47	30.00	240.08	9.96	9.89	9.90	0.4130	27.69	26.56
EQU	0	11/05/22	06:09:26	22.25	NaN	6845.00	2419.40	371.08	2.62	42.00	1018.80	-0.89	3.12	84.95	30.00	240.49	9.96	9.89	9.90	0.4130	27.69	26.62
EQU	0	11/05/22	06:10:56	22.23	NaN	6910.00	2464.00	370.04	2.62	42.02	1018.80	-0.86	3.11	85.27	30.00	249.98	9.96	9.89	9.89	0.4130	27.69	26.56
EQU	0	11/05/22	06:12:27	22.20	NaN	6932.50	2479.70	369.16	2.61	42.02	1018.70	-0.80	3.10	85.17	30.00	248.82	9.96	9.89	9.89	0.4120	27.69	26.62
EQU	0	11/05/22	06:13:57	22.21	NaN	6938.00	2483.20	368.33	2.60	41.98	1018.70	-0.84	3.12	84.53	30.00	238.08	9.96	9.89	9.89	0.4130	27.69	26.62
EQU	0	11/05/22	06:15:28	22.20	NaN	6935.10	2481.70	368.33	2.60	42.04	1018.70	-0.80	3.11	85.59	30.00	239.85	9.96	9.88	9.89	0.4130	27.69	26.62
EQU	0	11/05/22	06:16:58	22.23	NaN	6925.20	2474.80	368.54	2.61	42.03	1018.70	-0.83	3.11	84.69	30.00	238.17	9.96	9.89	9.89	0.4120	27.69	26.69
EQU	0	11/05/22	06:18:28	22.24	NaN	6925.90	2475.60	368.70	2.61	42.06	1018.70	-0.81	3.12	85.75	30.00	235.96	9.96	9.88	9.89	0.4130	27.69	26.69
EQU	0	11/05/22	06:19:59	22.22	NaN	6932.40	2479.60	368.37	2.60	42.02	1018.70	-0.19	3.12	85.54	30.00	234.46	9.96	9.88	9.89	0.4120	27.75	26.69
EQU	0	11/05/22	06:21:29	22.24	NaN	6932.90	2480.50	367.91	2.60	42.08	1018.70	-0.72	3.11	84.90	30.00	235.75	9.96	9.88	9.89	0.4120	27.69	26.69
EQU	0	11/05/22	06:23:00	22.23	NaN	6930.70	2478.30	367.62	2.60	42.02	1018.80	-0.76	3.10	83.26	30.00	236.97	9.96	9.89	9.89	0.4120	27.75	26.69
EQU	0	11/05/22	06:24:30	22.24	NaN	6938.20	2483.70	366.54	2.59	42.07	1018.80	-0.78	3.11	85.17	30.00	236.80	9.96	9.89	9.89	0.4120	27.75	26.69
EQU	0	11/05/22	06:26:01	22.23	NaN	6940.90	2485.50	366.20	2.59	42.06	1018.80	-0.81	3.11	84.63	30.00	236.99	9.96	9.89	9.88	0.4120	27.75	26.69
ATM-DRAIN	0	11/05/22	06:30:48	22.29	NaN	2039.70	360.53	709.83	5.59	42.09	1018.70	-0.64	3.13	92.62	30.00	250.43	9.96	9.89	9.88	0.4120	27.75	26.69
ATM	0	11/05/22	06:32:36	22.22	NaN	2066.70	366.79	709.45	5.59	42.08	1018.70	-0.64	3.13	92.68	30.00	236.97	9.96	9.89	9.88	0.4120	27.75	26.75
ATM	0	11/05/22	06:34:03	22.23	NaN	2045.40	361.81	706.04	5.56	42.07	1018.70	-0.68	3.11	92.62	30.00	237.69	9.96	9.90	9.88	0.4120	27.75	26.75
EQU	0	11/05/22	06:39:27	22.21	NaN	6897.00	2456.20	369.58	2.61	42.13	1018.70	-0.78	3.12	83.31	30.00	234.68	9.96	9.90	9.87	0.4120	27.75	26.81
EQU	0	11/05/22	06:40:57	22.18	NaN	6952.60	2494.20	366.25	2.59	42.11	1018.70	-0.68	3.11	85.75	30.00	234.94	9.96	9.90	9.87	0.4120	27.81	26.81
EQU	0	11/05/22	06:42:27	22.17	NaN	6948.70	2491.90	365.08	2.58	42.15	1018.70	-0.62	3.11	85.33	30.00	235.17	9.96	9.90	9.87	0.4110	27.81	26.81
EQU	0	11/05/22	06:43:58	22.16	NaN	6942.70	2487.40	364.33	2.57	42.12	1018.70	-0.62	3.11	85.06	30.00	234.91	9.96	9.90	9.87	0.4110	27.81	26.81
EQU	0	11/05/22	06:45:28	22.17	NaN	6926.70	2476.50	363.95	2.57	42.12	1018.70	-0.70	3.12	84.05	30.00	233.41	9.96	9.90	9.87	0.4110	27.81	26.81
EQU	0	11/05/22	06:46:59	22.22	NaN	6941.50	2487.30	363.54	2.57	42.19	1018.70	-0.51	3.11	83.94	30.00	232.55	9.96	9.90	9.87	0.4110	27.81	26.87
EQU	0	11/05/22	06:48:29	22.20	NaN	6951.50	2494.10	362.62	2.56	42.16	1018.70	-0.63	3.13	85.27	30.00	232.76	9.96	9.90	9.87	0.4110	27.81	26.87
EQU	0	11/05/22	06:50:00	22.25	NaN	6939.50	2485.90	363.87	2.57	42.18	1018.70	-0.70	3.13	84.47	30.00	234.42	9.96	9.90	9.86	0.4110	27.81	26.81
EQU	0	11/05/22	06:51:30	22.24	NaN	6952.10	2494.90	364.12	2.57	42.22	1018.70	-0.56	3.13	85.86	30.00	241.05	9.96	9.90	9.86	0.4110	27.81	26.81
EQU	0	11/05/22	06:53:01	22.24	NaN	6952.50	2494.70	364.04	2.57	42.17	1018.70	-0.59	3.14	85.33	30.00	285.68	9.96	9.90	9.86	0.4120	27.81	26.81
EQU	0	11/05/22	06:54:31	22.18	NaN	6952.00	2494.70	363.41	2.57	42.20	1018.70	-0.54	3.13	84.53	30.00	319.63	9.96	9.90	9.86	0.4110	27.81	26.81
EQU	0	11/05/22	06:56:02	22.18	NaN	6951.10	2494.40	362.79	2.56	42.24	1018.70	-0.55	3.14	85.70	30.00	350.74	9.96	9.90	9.86	0.4110	27.81	26.87
EQU	0	11/05/22	06:57:32	22.18	NaN	6949.10	2492.90	362.91	2.56	42.22	1018.70	-0.50	3.13	84.90	30.00	339.94	9.96	9.90	9.85	0.4110	27.81	26.87
EQU	0	11/05/22	06:59:03	22.14	NaN	6947.90	2492.10	363.08	2.56	42.24	1018.70	-0.61	3.13	85.86	30.00	339.16	9.96	9.90	9.85	0.4100	27.81	26.87
EQU-DRAIN	0	11/05/22	07:00:33	22.17	NaN	6944.20	2489.10	363.45	2.57	42.19	1018.70	-0.66	3.13	84.00	30.00	336.42	9.96	9.90	9.85	0.4110	27.81	26.87
EQU	0	11/05/22	07:02:25	22.21	NaN	6937.80	2485.50	361.45	2.55	42.29	1018.70	-0.70	3.12	84.53	30.00	340.03	9.96	9.90	9.85	0.4120	27.81	26.81
EQU	0	11/05/22	07:03:55	22.21	NaN	6941.40	2487.50	361.33	2.55	42.22	1018.70	-0.62	3.13	85.33	30.00	339.05	9.96	9.90	9.85	0.4110	27.81	26.87
EQU	0	11/05/22	07:05:26	22.17	NaN	6826.90	2409.90	362.83	2.56	42.29	1018.70	-0.48	3.12	84.63	30.00	333.86	9.96	9.90	9.85	0.4110	27.87	26.87
EQU	0	11/05/22	07:06:56	22.18	NaN	6916.70	2471.00	361.37	2.55	42.24	1018.60	-0.66	3.13	85.38	30.00	321.59	9.96	9.90	9.84	0.4110	27.81	26.87
EQU	0	11/05/22	07:08:27	22.21	NaN	6944.40	2490.20	359.50	2.54	42.25	1018.60	-0.49	3.14	83.47	30.00	323.35	9.96	9.90	9.85	0.4110	27.87	26.31
EQU	0	11/05/22	07:09:57	22.20	NaN	6946.70	2492.30	356.33	2.51	42.32	1018.60	-0.68	3.14	85.17	30.00	333.31	9.96	9.90	9.89	0.4120	27.81	25.94
EQU	0	11/05/22	07:11:27	22.16	NaN	6952.70	2496.00	354.75	2.50	42.26	1018.60	-0.69	3.14	85.01	30.00	347.65	9.96	9.90	9.91	0.4130	27.75	25.50
EQU	0	11/05/22	07:12:58	22.14	NaN	6947.10	2492.00	353.79	2.49	42.26	1018.60	-0.72	3.14	84.63	30.00	391.45	9.96	9.90	9.91	0.4130	27.69	25.69
EQU	0	11/05/22	07:14:28	22.16	NaN	6945.90	2491.20	355.04	2.50	42.25	1018.60	-0.67	3.14	83.89	30.00	421.19	9.96	9.90	9.90	0.4130	27.62	26.00
EQU	0	11/05/22	07:15:59	22.16	NaN	6933.00	2482.30	356.66	2.51	42.27	1018.60	-0.87	3.14	85.06	30.00	431.94	9.96	9.90	9.90	0.4140	27.56	26.19
EQU	0	11/05/22	07:17:29	22.12	NaN	6947.20	2491.90	358.04	2.52	42.22	1018.60	-0.83	3.14	84.74	30.00	436.24	9.96	9.90	9.90	0.4130	27.56	26.31
EQU	0	11/05/22	07:19:00	22.12	NaN	6933.80	2482.30	359.20	2.53	42.19	1018.60	-0.28	3.13	84.69	30.00	443.16	9.96	9.90	9.90	0.4130	27.56	26.37
EQU	0	11/05/22	07:20:30	22.12	NaN	6938.90	2485.70	359.04	2.53	42.19	1018.60	-0.89	3.15	84.90	30.00	449.49	9.96	9.90	9.90	0.4120	27.56	26.37
EQU	0	11/05/22	07:22:01	22.16	NaN	6931.40	2480.30	359.33	2.53	42.17	1018.60	-0.52	3.14	84.10	30.00	445.70	9.96	9.90	9.90	0.4130	27.56	26.37
EQU	0	11/05/22	07:23:31	22.21	NaN	6945.30	2490.00	359.16	2.53	42.17	1018.60	-0.67	3.13	83.68	30.00	436.81	9.96	9.90	9.90	0.4130	27.56	26.44
EQU	0	11/05/22	07:25:02	22.16	NaN	6949.80	2493.50	358.79	2.53	42.23	1018.70	-0.61	3.14	84.69	30.00	429.25	9.96	9.90	9.90	0.4140	27.56	26.44
EQU	0	11/05/22	07:26:32	22.19	NaN	6949.30	2492.40	358.45	2.53	42.15	1018.70	-0.62	3.13	84.95	30.00	430.62	9.96	9.90	9.90	0.4130	27.56	26.44
EQU	0	11/05/22	07:28:03	22.16	NaN	6952.50	2494.60	357.95	2.52	42.15	1018.70	-0.68	3.14	85.59	30.00	439.75	9.96	9.90	9.90	0.4120	27.56	26.44
EQU	0	11/05/22	07:29:33	22.17	NaN	6936.90	2483.90	357.00	2.52	42.15	1018.70	-0.58	3.13	84.26	30.00	436.78	9.96	9.90	9.90	0.4130	27.56	26.44
EQU-DRAIN	0	11/05/22	07:31:04	22.18	NaN	6950.70	2493.40	356.58	2.51	42.15	1018.70	-0.68	3.15	85.22	30.00	431.63	9.96	9.90	9.89	0.4120	27.56	26.44
EQU	0	11/05/22	07:32:55	22.15	NaN	6951.60	2494.40	355.91	2.51	42.15	1018.60	-0.67	3.15	84.63	30.00	423.02	9.96	9.90	9.89	0.4120	27.56	26.50
EQU	0	11/05/22	07:34:26	22.17	NaN	6883.20	2447.10	357.95	2.52	42.13	1018.60	-0.63	3.15	85.11	30.00	426.78	9.96	9.90	9.89	0.4130	27.56	26.50
EQU	0	11/05/22	07:35:56	22.15	NaN	6951.30	2494.20	357.33	2.52	42.15	1018.60	-0.61	3.15	84.37	30.00	427.28	9.96	9.90	9.89	0.4120	27.56	26.50
EQU	0	11/05/22	07:37:27	22.15	NaN	6956.80	2498.00	357.95	2.52	42.13	1018.60	-0.83	3.15	84.74	30.00	429.34	9.96	9.90	9.89	0.4120	27.56	26.44
EQU	0	11/05/22	07:38:57	22.14	NaN	6955.40	2497.30	358.29	2.53	42.13	1018.50	-0.70	3.16	84.95	30.00	436.11	9.96	9.90	9.89	0.4120	27.56	26.50
EQU	0	11/05/22	07:40:27	22.10	NaN	6951.70	2495.10	359.70	2.54	42.16	1018.50	-0.63	3.17	84.47	30.00	444.01	9.96	9.90	9.88	0.4130	27.56	26.50
EQU	0	11/05/22	07:41:58	22.10	NaN	6931.10	2480.60	361.12	2.55	42.12	1018.50	-0.71	3.17	84.47	30.00	446.09	9.96	9.90	9.88	0.4130	27.56	26.50
EQU	0	11/05/22	07:43:29	22.11	NaN	6937.30	2484.70	360.91	2.55	42.12	1018.50	-0.67	3.16	83.15	30.00	439.67	9.96	9.90	9.88	0.4120	27.62	26.50
EQU	0	11/05/22	07:44:59	22.09	NaN	6946.60	2491.10	360.25	2.54	42.10	1018.50	-0.70	3.14	84.37	30.00	433.85	9.96	9.90	9.88	0.4120	27.56	26.50
EQU	0	11/05/22	07:46:30	22.09	NaN	6950.90	2494.10	359.83	2.54	42.12	1018.50	-0.74	3.14	85.11	30.00	440.80	9.96	9.90	9.88	0.4120	27.62	26.50
EQU	0	11/05/22	07:48:00	22.10	NaN	6954.00	2496.50	359.41	2.53	42.16	1018.50	-0.61	3.15	84.42	30.00	442.20	9.96	9.90	9.88	0.4120	27.56	26.50
EQU	0	11/05/22	07:49:31	22.08	NaN	6961.30	2501.10	359.70	2.54	42.13	1018.60	-0.68	3.16	104.28	30.00	440.11	9.96	9.90	9.88	0.4120	27.62	26.50
EQU	0	11/05/22	07:51:01	22.07	NaN	6969.10	2506.50	359.62	2.54	42.11	1018.60	-0.67	3.15	84.10	30.00	438.74	9.96	9.90	9.87	0.4120	27.62	26.50
EQU	0	11/05/22	07:52:31	22.09	NaN	6975.30	2510.60	359.29	2.53	42.10	1018.60	-0.67	3.16	84.63	30.00	437.23	9.96	9.90	9.87	0.4110	27.62	26.50
EQU	0	11/05/22	07:54:02	22.09	NaN	6981.40	2515.20	359.04	2.53	42.13	1018.60	-0.75	3.15	84.90	30.00	438.44	9.96	9.90	9.87	0.4110	27.62	26.50
EQU	0	11/05/22	07:55:32	22.11	NaN	6979.90	2513.80	357.95	2.52	42.09	1018.60	-0.27	3.16	84.53	30.00	431.41	9.96	9.90	9.87	0.4110	27.62	26.50
EQU	0	11/05/22	07:57:03	22.10	NaN	6959.10	2499.70	357.45	2.52	42.15	1018.60	-0.70	3.16	84.85	30.00	429.08	9.96	9.90	9.87	0.4110	27.62	26.50
EQU	0	11/05/22	07:58:33	22.10	NaN	6973.20	2509.50	357.04	2.52	42.16	1018.60	-0.67	3.16	84.90	30.00	427.93	9.96	9.90	9.87	0.4110	27.62	26.50
EQU	0	11/05/22	08:00:04	22.09	NaN	6976.00	2511.10	356.16	2.51	42.14	1018.60	-0.74	3.16	84.47	30.00	398.07	9.96	9.90	9.86	0.4110	27.62	26.56
EQU-DRAIN	0	11/05/22	08:01:34	22.10	NaN	6974.60	2509.40	355.45	2.50	42.08	1018.70	-0.50	3.16	84.90	30.00	354.58	9.96	9.90	9.86	0.4110	27.62	26.50
EQU	0	11/05/22	08:03:26	22.10	NaN	6913.10	2467.30	354.87	2.50	42.14	1018.70	-0.72	3.17	70.82	30.00	300.83	9.96	9.91	9.86	0.4110	27.69	26.56
EQU	0	11/05/22	08:04:56	22.11	NaN	6964.70	2502.70	353.29	2.49	42.10	1018.70	-0.68	3.17	84.26	30.00	298.11	9.96	9.91	9.86	0.4110	27.62	26.56
EQU	0	11/05/22	08:06:27	22.09	NaN	6976.80	2511.40	352.58	2.48	42.12	1018.60	-0.77	3.16	85.06	30.00	298.28	9.96	9.91	9.86	0.4110	27.62	26.56
EQU	0	11/05/22	08:07:57	22.08	NaN	6986.30	2518.20	350.41	2.46	42.13	1018.60	-0.78	3.17	84.16	30.00	298.09	9.96	9.91	9.85	0.4110	27.62	26.56
EQU	0	11/05/22	08:09:28	22.08	NaN	6990.00	2520.60	349.50	2.46	42.12	1018.60	-0.65	3.16	84.69	30.00	297.44	9.96	9.91	9.85	0.4110	27.62	26.56
STD1	0	11/05/22	08:14:15	22.11	0.00	-35.12	-4.87	8.58	0.05	42.12	1018.60	-0.67	3.18	66.22	30.00	319.53	9.96	9.91	9.84	0.4100	27.62	26.44
STD1	0	11/05/22	08:15:42	22.11	0.00	-37.22	-5.16	6.58	0.04	42.13	1018.60	-0.68	3.18	66.17	30.00	334.68	9.96	9.91	9.83	0.4100	27.62	26.50
STD1	0	11/05/22	08:17:10	22.09	0.00	-38.17	-5.29	5.79	0.04	42.12	1018.50	-0.59	3.17	66.17	30.00	341.34	9.96	9.91	9.82	0.4090	27.62	26.44
STD2	0	11/05/22	08:21:57	22.10	608.37	3006.50	614.64	8.96	0.06	42.15	1018.50	-0.81	3.18	66.54	30.00	382.50	9.96	9.91	9.92	0.4130	27.50	25.00
STD2	0	11/05/22	08:23:24	22.10	608.37	3000.90	612.87	10.46	0.07	42.08	1018.50	-0.73	3.17	65.76	30.00	442.96	9.96	9.91	9.93	0.4140	27.44	24.69
STD2	0	11/05/22	08:24:52	22.09	608.37	2990.30	609.65	10.67	0.07	42.06	1018.50	-0.67	3.18	65.62	30.00	431.22	9.96	9.91	9.94	0.4150	27.37	24.37
STD3	0	11/05/22	08:29:38	22.08	1514.51	4893.70	1323.70	7.42	0.05	41.89	1018.60	-0.77	3.17	66.54	30.00	222.28	9.96	9.91	9.92	0.4140	27.06	24.87
STD3-DRAIN	0	11/05/22	08:31:05	22.08	1514.51	4883.50	1319.00	9.37	0.06	41.88	1018.60	-0.71	3.16	66.36	30.00	235.63	9.96	9.91	9.91	0.4160	27.00	25.25
STD3	0	11/05/22	08:32:52	22.09	1514.51	4862.70	1309.30	8.12	0.05	41.84	1018.60	-0.84	3.18	66.40	30.00	244.18	9.96	9.91	9.90	0.4140	26.94	25.44
STD1z	0	11/05/22	08:37:42	22.07	0.00	-40.40	-5.59	3.50	0.02	41.75	1018.60	-0.81	3.17	66.22	30.00	229.98	9.96	9.91	9.88	0.4140	26.87	25.56
STD3s	0	11/05/22	08:42:34	22.09	0.00	4884.80	1336.90	3.96	0.02	41.67	1018.70	-0.70	3.17	66.73	30.00	227.02	9.96	9.91	9.85	0.4130	26.81	25.62
STD1	0	11/05/22	08:47:21	22.06	0.00	-41.33	-0.14	2.54	0.02	41.60	1018.70	-0.56	3.16	66.17	30.00	217.49	9.96	9.91	9.84	0.4120	26.87	25.44
STD1	0	11/05/22	08:48:48	22.05	0.00	-42.25	-0.28	2.17	0.01	41.63	1018.70	-0.98	3.18	66.22	30.00	216.05	9.96	9.91	9.88	0.4140	26.81	24.81
STD1	0	11/05/22	08:50:14	22.05	0.00	-42.85	-0.36	1.92	0.01	41.55	1018.70	-0.85	3.19	66.31	30.00	220.44	9.96	9.91	9.90	0.4150	26.75	24.37
STD2	0	11/05/22	08:55:00	22.12	608.37	2933.30	671.59	3.96	0.02	41.42	1018.80	-0.86	3.16	67.33	30.00	244.75	9.96	9.91	9.91	0.4160	26.56	24.44
STD2	0	11/05/22	08:56:27	22.13	608.37	2932.30	671.20	6.71	0.04	41.38	1018.80	-0.93	3.17	66.17	30.00	243.30	9.96	9.91	9.90	0.4160	26.50	24.81
STD2	0	11/05/22	08:57:54	22.11	608.37	2933.80	671.58	7.67	0.05	41.34	1018.80	-0.79	3.16	65.90	30.00	232.48	9.96	9.91	9.89	0.4160	26.44	25.06
STD3-DRAIN	0	11/05/22	09:02:40	22.07	1514.51	4885.20	1512.00	3.87	0.02	41.23	1018.90	-0.85	3.15	66.82	30.00	224.31	9.96	9.91	9.86	0.4150	26.37	25.31
STD3	0	11/05/22	09:04:28	22.06	1514.51	4891.30	1515.30	5.33	0.03	41.21	1018.90	-0.93	3.16	66.63	30.00	226.58	9.96	9.91	9.85	0.4140	26.37	25.31
STD3	0	11/05/22	09:05:54	22.05	1514.51	4876.60	1507.20	6.67	0.04	41.17	1018.90	-0.82	3.16	66.59	30.00	223.65	9.96	9.91	9.84	0.4140	26.37	25.37
ATM	0	11/05/22	09:10:41	22.05	NaN	2139.20	432.77	704.62	5.53	41.19	1018.80	-0.88	3.16	93.58	30.00	224.35	9.96	9.91	9.80	0.4120	26.44	25.44
ATM	0	11/05/22	09:12:08	22.05	NaN	2162.10	438.92	706.91	5.55	41.12	1018.80	-0.90	3.15	93.53	30.00	222.19	9.96	9.91	9.79	0.4110	26.44	25.44
ATM	0	11/05/22	09:13:35	22.05	NaN	2123.10	428.32	704.20	5.52	41.12	1018.80	-0.84	3.17	93.64	30.00	222.55	9.96	9.91	9.77	0.4110	26.44	25.44
EQU	0	11/05/22	09:18:59	22.04	NaN	6929.40	2882.90	363.91	2.56	41.10	1018.80	-0.93	3.16	87.75	30.00	224.87	9.96	9.91	9.72	0.4090	26.50	25.06
EQU	0	11/05/22	09:20:29	22.02	NaN	7039.80	2975.20	361.62	2.54	41.02	1018.90	-0.97	3.17	86.40	30.00	225.75	9.96	9.91	9.81	0.4110	26.50	24.56
EQU	0	11/05/22	09:22:00	22.02	NaN	7028.90	2966.00	360.04	2.53	41.01	1018.80	-0.92	3.19	86.13	30.00	225.60	9.96	9.91	9.87	0.4140	26.44	24.12
EQU	0	11/05/22	09:23:30	22.01	NaN	7018.40	2956.20	358.91	2.52	40.95	1018.90	-1.08	3.16	85.92	30.00	252.97	9.96	9.91	9.91	0.4160	26.37	23.81
EQU	0	11/05/22	09:25:01	22.03	NaN	7020.00	2957.00	359.16	2.52	40.95	1019.00	-1.14	3.16	83.89	30.00	257.77	9.96	9.91	9.89	0.4160	26.31	24.19
EQU	0	11/05/22	09:26:31	22.07	NaN	7008.80	2947.70	359.08	2.52	40.92	1018.90	-1.11	3.17	85.92	30.00	256.08	9.96	9.91	9.88	0.4150	26.25	24.62
EQU	0	11/05/22	09:28:02	22.08	NaN	7021.00	2957.40	362.16	2.54	40.87	1018.90	-0.86	3.16	84.37	30.00	234.41	9.96	9.91	9.86	0.4140	26.25	24.81
EQU	0	11/05/22	09:29:32	22.08	NaN	7032.10	2966.80	364.16	2.56	40.87	1018.90	-1.20	3.17	84.63	30.00	230.45	9.96	9.91	9.85	0.4140	26.19	25.00
EQU-DRAIN	0	11/05/22	09:31:03	22.10	NaN	7021.70	2957.80	366.29	2.58	40.87	1019.00	-1.04	3.15	85.33	30.00	228.66	9.96	9.91	9.83	0.4140	26.19	25.12
EQU	0	11/05/22	09:32:54	22.11	NaN	7030.30	2964.30	364.95	2.57	40.80	1019.00	-0.67	3.14	84.90	30.00	226.84	9.96	9.91	9.81	0.4130	26.19	25.19
EQU	0	11/05/22	09:34:25	22.10	NaN	7048.00	2979.90	365.87	2.57	40.85	1019.00	-1.00	3.08	84.37	30.00	226.38	9.96	9.91	9.80	0.4120	26.19	25.12
EQU	0	11/05/22	09:35:55	22.06	NaN	7057.70	2987.50	366.91	2.58	40.80	1019.00	-1.02	3.09	83.84	30.00	225.48	9.96	9.91	9.78	0.4110	26.19	25.19
EQU	0	11/05/22	09:37:26	22.06	NaN	6990.70	2930.00	367.83	2.59	40.77	1019.10	-1.01	3.04	83.73	30.00	224.48	9.96	9.91	9.77	0.4110	26.19	25.12
EQU	0	11/05/22	09:38:56	22.12	NaN	7056.80	2985.80	367.79	2.59	40.74	1019.10	-1.01	3.05	84.69	30.00	223.69	9.96	9.91	9.75	0.4110	26.19	25.19
EQU	0	11/05/22	09:40:27	21.93	NaN	7057.50	2986.90	367.70	2.59	40.78	1019.10	-1.02	3.02	85.17	30.00	223.22	9.96	9.91	9.74	0.4110	26.25	25.12
EQU	0	11/05/22	09:41:57	21.85	NaN	7033.30	2965.30	367.58	2.59	40.74	1019.20	-0.93	3.04	85.59	30.00	223.75	9.96	9.91	9.78	0.4110	26.19	24.62
EQU	0	11/05/22	09:43:28	21.81	NaN	7017.30	2951.60	365.16	2.57	40.68	1019.10	-1.04	3.08	93.02	30.00	224.93	9.96	9.91	9.84	0.4140	26.19	24.00
EQU	0	11/05/22	09:44:58	21.79	NaN	7030.70	2962.80	363.95	2.56	40.68	1019.10	-0.96	3.11	84.53	30.00	226.91	9.96	9.91	9.89	0.4170	26.19	23.81
EQU	0	11/05/22	09:46:29	21.92	NaN	7023.10	2956.10	363.87	2.56	40.65	1019.10	-1.02	3.12	84.63	30.00	257.66	9.96	9.91	9.91	0.4180	26.12	23.62
EQU	0	11/05/22	09:47:59	21.89	NaN	7031.50	2962.90	364.04	2.56	40.61	1019.10	-1.38	3.10	84.10	30.00	305.09	9.96	9.91	9.92	0.4180	26.00	23.50
EQU	0	11/05/22	09:49:30	21.83	NaN	7029.80	2955.50	360.25	2.52	40.03	1019.10	-1.60	3.11	84.79	30.00	325.03	9.96	9.91	9.92	0.4190	25.94	23.69
EQU	0	11/05/22	09:51:00	21.83	NaN	7026.10	2947.20	356.12	2.49	39.49	1019.20	-1.94	3.12	83.36	30.00	350.69	9.96	9.91	9.91	0.4180	25.87	23.87
EQU	0	11/05/22	09:52:31	21.85	NaN	6843.70	2791.10	364.04	2.54	38.96	1019.20	-1.02	3.09	84.79	30.00	326.70	9.96	9.91	9.89	0.4170	25.81	24.31
EQU	0	11/05/22	09:54:02	21.89	NaN	6860.50	2802.20	369.54	2.58	38.65	1019.20	-0.29	3.14	85.86	30.00	277.29	9.96	9.91	9.86	0.4170	25.81	24.75
EQU	0	11/05/22	09:55:33	21.93	NaN	6887.60	2821.10	375.87	2.63	38.31	1019.20	-2.64	2.64	82.32	30.00	227.41	9.96	9.91	9.85	0.4160	25.81	24.94
EQU	0	11/05/22	09:57:04	21.93	NaN	6911.60	2837.50	378.20	2.65	37.99	1019.20	-1.08	2.77	83.84	30.00	225.88	9.96	9.91	9.82	0.4160	25.81	25.06
EQU	0	11/05/22	09:58:35	21.98	NaN	6915.60	2837.70	380.79	2.66	37.64	1019.30	-0.97	2.74	85.38	30.00	225.08	9.96	9.91	9.78	0.4140	25.75	25.25
EQU	0	11/05/22	10:00:07	21.97	NaN	6939.00	2854.30	382.33	2.67	37.36	1019.20	-0.88	3.04	85.86	30.00	222.54	9.96	9.91	9.73	0.4120	25.75	25.25
EQU-DRAIN	0	11/05/22	10:01:38	21.97	NaN	6949.90	2860.00	380.33	2.65	37.01	1019.30	-1.11	3.19	85.86	30.00	213.27	9.96	9.91	9.76	0.4120	25.75	24.81
EQU	0	11/05/22	10:03:30	21.94	NaN	6926.10	2837.50	372.79	2.59	36.72	1019.30	-1.26	2.89	85.86	30.00	215.07	9.96	9.91	9.82	0.4150	25.69	23.94
EQU	0	11/05/22	10:05:00	21.94	NaN	6886.40	2802.10	369.25	2.56	36.40	1019.30	-1.75	2.90	87.32	30.00	228.14	9.96	9.90	9.86	0.4170	25.62	23.56
EQU	0	11/05/22	10:06:31	21.94	NaN	6932.40	2836.00	367.54	2.55	36.01	1019.30	-2.62	2.36	85.49	30.00	238.38	9.96	9.90	9.89	0.4190	25.50	23.31
EQU	0	11/05/22	10:08:00	21.94	NaN	6929.80	2830.60	368.54	2.55	35.63	1019.30	0.64	2.80	82.89	30.00	250.65	9.96	9.90	9.89	0.4190	25.44	23.19
EQU	0	11/05/22	10:09:30	22.02	NaN	6895.80	2800.80	369.70	2.56	35.41	1019.30	-2.03	2.28	85.49	30.00	255.06	9.96	9.90	9.91	0.4200	25.37	22.87
EQU	0	11/05/22	10:11:01	21.99	NaN	6912.70	2810.50	370.37	2.56	34.97	1019.30	-0.86	3.87	85.59	30.00	266.09	9.96	9.90	9.92	0.4210	25.25	22.87
EQU	0	11/05/22	10:12:31	21.99	NaN	6928.60	2821.30	373.00	2.58	34.75	1019.30	-2.44	2.54	85.22	30.00	269.38	9.95	9.90	9.91	0.4200	25.19	22.87
EQU	0	11/05/22	10:14:01	21.97	NaN	6904.20	2800.10	378.25	2.62	34.57	1019.30	-1.14	2.39	85.81	30.00	263.81	9.95	9.90	9.87	0.4200	25.06	23.31
EQU	0	11/05/22	10:15:32	21.95	NaN	6927.20	2817.10	384.91	2.67	34.38	1019.30	-1.34	2.20	85.49	30.00	240.99	9.96	9.89	9.83	0.4190	25.06	23.75
EQU	0	11/05/22	10:17:03	21.94	NaN	6939.00	2825.40	389.45	2.70	34.22	1019.30	-0.75	2.60	87.26	30.00	225.68	9.96	9.90	9.78	0.4170	25.00	23.94
EQU	0	11/05/22	10:18:34	21.95	NaN	6917.70	2806.00	393.62	2.73	34.04	1019.30	-0.47	1.85	88.46	30.00	220.82	9.96	9.90	9.74	0.4140	25.00	24.19
EQU	0	11/05/22	10:20:06	22.03	NaN	7050.30	2913.30	393.41	2.73	33.85	1019.40	-0.80	2.72	84.53	30.00	222.10	9.96	9.90	9.66	0.4120	25.00	24.25
EQU	0	11/05/22	10:21:37	22.08	NaN	6925.00	2809.10	395.45	2.74	33.75	1019.40	-1.18	2.13	84.37	30.00	221.77	9.96	9.90	9.60	0.4090	25.00	24.31
EQU	0	11/05/22	10:23:08	22.05	NaN	6977.30	2850.10	396.00	2.75	33.57	1019.40	-0.67	2.41	84.85	30.00	224.76	9.96	9.90	9.54	0.4060	25.00	24.31
EQU	0	11/05/22	10:24:39	22.06	NaN	6971.50	2844.20	396.12	2.75	33.48	1019.40	-0.75	2.83	84.47	30.00	227.35	9.96	9.90	9.46	0.4040	25.00	24.37
EQU	0	11/05/22	10:26:10	22.04	NaN	6968.00	2840.40	391.00	2.71	33.40	1019.50	-0.70	2.86	85.11	30.00	230.05	9.96	9.90	9.53	0.4060	25.00	24.00
EQU	0	11/05/22	10:27:41	22.01	NaN	6984.00	2851.50	385.12	2.66	33.22	1019.50	-1.21	2.96	83.79	30.00	224.61	9.96	9.90	9.69	0.4130	25.00	23.75
EQU	0	11/05/22	10:29:12	21.99	NaN	6980.40	2847.00	380.45	2.62	33.08	1019.50	-1.82	2.03	85.11	30.00	226.95	9.95	9.90	9.80	0.4170	24.94	23.37
EQU	0	11/05/22	10:30:43	22.01	NaN	6953.00	2822.20	378.91	2.61	32.83	1019.60	-1.26	3.11	88.90	30.00	227.17	9.95	9.89	9.86	0.4210	24.87	23.00
EQU-DRAIN	0	11/05/22	10:32:14	21.99	NaN	6973.20	2837.50	378.79	2.61	32.70	1019.60	-1.46	2.54	85.59	30.00	256.07	9.95	9.89	9.88	0.4210	24.81	22.62
EQU	0	11/05/22	10:34:06	21.98	NaN	6962.90	2827.50	375.87	2.58	32.55	1019.60	-1.48	2.79	87.16	30.00	276.47	9.95	9.90	9.90	0.4230	24.69	22.44
EQU	0	11/05/22	10:35:37	21.98	NaN	6959.80	2823.20	379.54	2.61	32.38	1019.60	-1.41	2.98	86.24	30.00	271.59	9.95	9.90	9.87	0.4210	24.62	22.94
EQU	0	11/05/22	10:37:07	22.00	NaN	6933.90	2801.70	385.75	2.66	32.33	1019.60	-1.38	3.03	93.41	30.00	259.28	9.95	9.90	9.83	0.4210	24.62	23.44
EQU	0	11/05/22	10:38:37	22.01	NaN	6963.80	2825.20	391.08	2.70	32.23	1019.60	-0.90	3.08	87.64	30.00	249.92	9.95	9.90	9.79	0.4190	24.62	23.69
EQU	0	11/05/22	10:40:08	22.01	NaN	6942.50	2807.70	393.66	2.72	32.23	1019.60	-1.28	3.13	85.33	30.00	247.03	9.96	9.90	9.74	0.4170	24.62	23.81
EQU	0	11/05/22	10:41:39	22.00	NaN	6918.10	2787.40	395.50	2.73	32.17	1019.70	-1.05	3.05	86.56	30.00	245.57	9.95	9.90	9.72	0.4160	24.62	24.00
EQU	0	11/05/22	10:43:11	22.02	NaN	6932.80	2798.80	396.12	2.73	32.13	1019.70	-1.26	2.53	85.54	30.00	244.82	9.96	9.90	9.67	0.4140	24.69	24.12
EQU	0	11/05/22	10:44:42	22.03	NaN	6940.70	2805.00	396.33	2.74	32.12	1019.70	-0.40	2.85	87.75	30.00	239.59	9.96	9.90	9.60	0.4110	24.69	24.19
EQU	0	11/05/22	10:46:13	22.06	NaN	6951.90	2813.50	396.66	2.74	32.07	1019.70	-1.25	3.16	86.29	30.00	236.27	9.96	9.90	9.56	0.4080	24.69	24.25
EQU	0	11/05/22	10:47:44	22.01	NaN	6955.60	2816.00	394.33	2.72	32.01	1019.70	-1.11	2.71	86.94	30.00	232.21	9.96	9.90	9.53	0.4080	24.75	24.12
EQU	0	11/05/22	10:49:14	22.00	NaN	6937.80	2801.00	388.66	2.67	31.95	1019.70	-1.32	2.91	86.18	30.00	230.18	9.95	9.90	9.64	0.4120	24.75	23.69
ATM	0	11/05/22	10:54:02	21.98	NaN	2151.30	373.46	726.79	5.56	31.70	1019.80	-1.72	3.03	93.02	30.00	230.57	9.95	9.90	9.85	0.4200	24.62	22.87
ATM	0	11/05/22	10:55:29	21.98	NaN	2161.30	375.63	732.83	5.61	31.56	1019.90	-1.31	3.06	93.13	30.00	230.86	9.95	9.90	9.85	0.4210	24.50	22.94
ATM	0	11/05/22	10:56:56	22.01	NaN	2196.10	383.60	730.83	5.59	31.48	1019.80	-1.43	3.08	93.30	30.00	226.93	9.95	9.90	9.86	0.4210	24.50	22.81
EQU-DRAIN	0	11/05/22	11:02:19	21.99	NaN	7087.00	2494.30	392.20	2.70	31.28	1019.90	-1.05	3.09	85.97	30.00	222.66	9.95	9.90	9.09	0.3910	24.37	23.44
EQU	0	11/05/22	11:04:11	22.00	NaN	6946.50	2399.00	391.16	2.69	31.24	1019.90	-1.38	3.08	88.46	30.00	224.45	9.95	9.90	8.63	0.3720	24.31	23.69
EQU	0	11/05/22	11:05:42	21.99	NaN	6895.00	2364.70	393.16	2.70	31.19	1019.80	-1.06	3.10	89.23	30.00	228.28	9.95	9.89	8.02	0.3450	24.37	23.75
EQU	0	11/05/22	11:07:13	21.98	NaN	6913.10	2376.20	394.08	2.71	31.17	1019.90	-0.98	3.09	87.97	30.00	230.05	9.95	9.89	7.61	0.3290	24.31	23.87
EQU	0	11/05/22	11:08:44	21.98	NaN	6897.60	2366.20	395.20	2.72	31.17	1019.90	-0.85	3.10	71.54	30.00	230.80	9.95	9.89	7.20	0.3120	24.37	24.00
EQU	0	11/05/22	11:10:15	22.00	NaN	6891.80	2362.60	394.33	2.71	31.21	1019.90	-1.06	3.09	86.45	30.00	229.60	9.95	9.89	6.83	0.2960	24.37	24.12
EQU	0	11/05/22	11:11:46	22.00	NaN	7062.30	2476.80	394.62	2.71	31.19	1019.90	-0.94	3.07	89.01	30.00	228.82	9.95	9.86	6.63	0.2870	24.44	24.25
EQU	0	11/05/22	11:13:17	22.00	NaN	6920.10	2381.20	394.62	2.71	31.21	1019.90	-1.17	3.05	87.10	30.00	226.43	9.95	9.86	6.53	0.2820	24.50	24.25
EQU	0	11/05/22	11:14:47	22.01	NaN	6908.80	2374.10	394.50	2.71	31.25	1019.90	-0.97	2.96	88.52	30.00	226.08	9.96	9.87	6.44	0.2790	24.50	24.31
EQU	0	11/05/22	11:16:17	22.02	NaN	6910.40	2375.40	395.45	2.72	31.28	1019.90	-1.42	2.89	85.38	30.00	227.22	9.96	9.88	6.37	0.2760	24.56	24.44
EQU	0	11/05/22	11:17:47	22.03	NaN	6918.00	2380.60	396.75	2.73	31.32	1019.90	-1.19	2.86	88.73	30.00	228.15	9.96	9.87	6.31	0.2730	24.62	24.50
EQU	0	11/05/22	11:19:18	22.05	NaN	6907.90	2373.80	398.12	2.74	31.32	1019.90	-1.08	2.84	87.86	30.00	233.44	9.96	9.88	6.33	0.2740	24.69	24.62
EQU	0	11/05/22	11:20:49	22.06	NaN	6957.40	2406.70	398.58	2.75	31.35	1020.00	-1.09	2.84	108.67	30.00	239.14	9.96	9.88	6.31	0.2720	24.75	24.62
EQU	0	11/05/22	11:22:20	22.07	NaN	6932.00	2390.50	398.66	2.75	31.42	1020.00	-0.96	2.84	87.59	30.00	237.57	9.96	9.88	6.37	0.2760	24.75	24.75
EQU	0	11/05/22	11:23:51	22.10	NaN	6960.80	2409.90	399.45	2.75	31.46	1020.00	-1.03	2.85	52.98	30.00	236.71	9.96	9.88	6.37	0.2740	24.81	24.75
EQU	0	11/05/22	11:25:21	22.10	NaN	6906.70	2372.60	393.16	2.70	31.33	1020.00	-1.21	2.85	89.34	30.00	232.60	9.96	9.89	7.26	0.3120	24.87	24.25
EQU	0	11/05/22	11:26:51	22.11	NaN	6967.60	2412.80	388.70	2.67	31.31	1020.10	-0.92	2.86	87.32	30.00	234.53	9.95	9.89	8.20	0.3530	24.87	23.94
EQU	0	11/05/22	11:28:22	22.11	NaN	6959.70	2407.20	388.08	2.66	31.29	1020.10	-1.05	2.88	87.97	30.00	231.31	9.95	9.89	8.92	0.3830	24.81	23.75
EQU	0	11/05/22	11:29:53	22.11	NaN	6942.90	2395.20	391.25	2.69	31.22	1020.20	-1.12	2.90	88.35	30.00	234.47	9.96	9.89	9.36	0.4000	24.81	23.56
EQU	0	11/05/22	11:31:24	22.12	NaN	6948.30	2398.50	392.00	2.69	31.23	1020.20	-1.56	2.89	84.00	30.00	239.80	9.95	9.89	9.55	0.4080	24.75	23.69
EQU-DRAIN	0	11/05/22	11:32:55	22.15	NaN	6954.30	2402.40	397.83	2.74	31.24	1020.30	-1.23	2.87	88.57	30.00	243.71	9.96	9.89	9.57	0.4080	24.75	24.00
EQU	0	11/05/22	11:34:48	22.17	NaN	6947.70	2398.30	404.91	2.79	31.29	1020.30	-1.26	2.94	88.08	30.00	236.73	9.96	9.89	9.50	0.4060	24.75	24.44
EQU	0	11/05/22	11:36:19	22.18	NaN	6955.20	2403.70	411.12	2.84	31.37	1020.40	-1.65	2.91	86.83	30.00	232.80	9.96	9.89	9.49	0.4060	24.81	24.62
EQU	0	11/05/22	11:37:50	22.20	NaN	6949.70	2400.10	415.00	2.87	31.39	1020.40	-1.17	2.90	87.75	30.00	230.05	9.96	9.89	9.46	0.4040	24.87	24.81
EQU	0	11/05/22	11:39:21	22.22	NaN	6955.60	2404.60	419.83	2.91	31.48	1020.50	-0.84	2.92	86.78	30.00	230.91	9.96	9.73	9.41	0.4010	24.94	25.00
EQU	0	11/05/22	11:40:53	22.24	NaN	6936.40	2392.70	423.83	2.94	31.59	1020.50	-0.87	2.92	88.90	30.00	230.53	9.96	9.88	9.32	0.3980	25.00	25.19
EQU	0	11/05/22	11:42:24	22.27	NaN	6932.90	2390.50	427.41	2.97	31.62	1020.50	-0.62	2.92	88.35	30.00	233.23	9.96	9.89	9.27	0.3960	25.12	25.31
EQU	0	11/05/22	11:43:55	22.28	NaN	6950.60	2403.00	429.66	2.99	31.73	1020.50	-0.79	2.91	87.81	30.00	231.41	9.96	9.89	9.24	0.3950	25.19	25.50
EQU	0	11/05/22	11:45:26	22.28	NaN	7091.90	2499.40	430.58	3.00	31.80	1020.50	-1.50	2.92	107.92	30.00	228.10	9.96	9.89	9.20	0.3920	25.25	25.62
EQU	0	11/05/22	11:46:57	22.29	NaN	6987.10	2427.60	429.20	2.99	31.75	1020.60	-0.67	2.93	87.81	30.00	226.26	9.96	9.89	9.38	0.4000	25.31	25.37
EQU	0	11/05/22	11:48:27	22.26	NaN	6964.00	2411.80	425.79	2.96	31.72	1020.60	-1.02	2.96	87.26	30.00	229.40	9.96	9.89	9.64	0.4100	25.31	25.00
EQU	0	11/05/22	11:49:56	22.27	NaN	6948.60	2401.00	421.25	2.92	31.67	1020.60	-1.20	2.96	88.19	30.00	258.39	9.96	9.89	9.79	0.4160	25.37	24.94
EQU	0	11/05/22	11:51:26	22.28	NaN	6948.30	2400.60	418.83	2.91	31.65	1020.60	-0.89	2.97	87.81	30.00	302.99	9.96	9.89	9.85	0.4180	25.31	24.75
EQU	0	11/05/22	11:52:56	22.29	NaN	7073.70	2484.50	417.33	2.89	31.58	1020.60	-1.02	2.97	88.08	30.00	315.57	9.96	9.89	9.87	0.4190	25.31	24.25
EQU	0	11/05/22	11:54:27	22.30	NaN	6952.50	2401.90	419.45	2.91	31.54	1020.70	-1.32	2.98	88.08	30.00	289.54	9.96	9.88	9.87	0.4180	25.25	24.69
EQU	0	11/05/22	11:55:58	22.35	NaN	6966.90	2411.70	425.70	2.96	31.56	1020.70	-1.47	2.96	88.84	30.00	256.41	9.96	9.88	9.54	0.4060	25.19	24.69
EQU	0	11/05/22	11:57:29	22.32	NaN	6955.60	2404.40	433.08	3.02	31.58	1020.70	-0.97	2.95	87.70	30.00	233.79	9.96	9.87	9.09	0.3870	25.19	24.81
EQU	0	11/05/22	11:59:00	22.32	NaN	6949.20	2400.00	436.62	3.05	31.58	1020.80	-0.95	2.76	87.10	30.00	227.34	9.96	9.87	8.59	0.3670	25.25	24.94
EQU	0	11/05/22	12:00:31	22.43	NaN	6959.70	2407.20	438.41	3.06	31.61	1020.80	-0.22	2.97	87.64	30.00	224.00	9.96	9.88	8.05	0.3450	25.25	25.00
EQU	0	11/05/22	12:02:01	22.44	NaN	6960.80	2407.90	441.66	3.09	31.62	1020.80	-2.85	1.44	89.06	30.00	224.35	9.96	9.89	7.79	0.3330	25.25	25.75
EQU-DRAIN	0	11/05/22	12:03:32	22.50	NaN	6924.00	2384.10	447.87	3.14	31.69	1020.80	-2.16	3.02	88.95	30.00	222.25	9.96	9.89	7.20	0.3080	25.31	27.19
EQU	0	11/05/22	12:05:24	22.45	NaN	6972.10	2416.30	450.79	3.16	31.73	1020.80	-0.99	2.98	88.13	30.00	224.73	9.96	9.90	6.49	0.2790	25.31	27.31
EQU	0	11/05/22	12:06:56	22.43	NaN	7070.60	2483.60	452.12	3.17	31.80	1020.80	-1.00	2.99	88.90	30.00	224.06	9.96	9.90	6.28	0.2690	25.37	27.31
EQU	0	11/05/22	12:08:27	22.44	NaN	6933.20	2390.70	451.08	3.16	31.79	1020.90	-0.95	3.01	89.06	30.00	224.58	9.96	9.90	6.70	0.2870	25.37	26.31
EQU	0	11/05/22	12:09:58	22.46	NaN	6962.80	2410.40	451.37	3.16	31.80	1020.90	-0.40	3.01	89.45	30.00	222.05	9.96	9.90	7.14	0.3060	25.44	25.94
EQU	0	11/05/22	12:11:28	22.46	NaN	6945.70	2399.40	451.50	3.17	31.82	1020.80	-0.43	3.00	88.13	30.00	220.08	9.96	9.90	7.53	0.3220	25.44	25.56
EQU	0	11/05/22	12:12:59	22.47	NaN	6940.90	2395.20	448.54	3.14	31.76	1021.00	-0.88	3.01	87.05	30.00	220.24	9.96	9.90	8.48	0.3620	25.44	25.06
EQU	0	11/05/22	12:14:30	22.48	NaN	6918.50	2381.30	448.83	3.14	31.81	1020.80	-0.83	3.01	84.95	30.00	219.17	9.96	9.90	9.15	0.3890	25.44	24.75
EQU	0	11/05/22	12:16:01	22.52	NaN	6930.50	2389.30	445.54	3.12	31.83	1020.80	-0.15	3.00	89.01	30.00	225.94	9.96	9.90	9.61	0.4080	25.44	24.50
EQU	0	11/05/22	12:17:33	22.54	NaN	6920.90	2382.00	445.00	3.11	31.79	1021.00	-0.95	3.00	88.95	30.00	237.24	9.96	9.90	9.76	0.4140	25.37	24.31
EQU	0	11/05/22	12:19:04	22.55	NaN	6901.90	2369.80	445.54	3.12	31.79	1020.90	-1.37	3.01	89.06	30.00	272.18	9.96	9.90	9.81	0.4160	25.37	24.06
EQU	0	11/05/22	12:20:35	22.56	NaN	6887.60	2359.10	442.20	3.09	31.65	1020.90	-0.52	3.02	88.46	30.00	298.80	9.96	9.90	9.87	0.4180	25.31	23.69
EQU	0	11/05/22	12:22:06	22.59	NaN	7000.90	2434.20	439.16	3.07	31.62	1020.90	-1.42	3.02	88.79	30.00	320.10	9.96	9.90	9.89	0.4190	25.25	23.56
EQU	0	11/05/22	12:23:37	22.60	NaN	6862.80	2342.80	444.79	3.11	31.66	1020.90	-1.29	3.04	87.86	30.00	323.20	9.96	9.90	9.85	0.4170	25.25	24.00
EQU	0	11/05/22	12:25:07	22.64	NaN	6840.00	2328.00	454.08	3.19	31.69	1021.00	-0.59	3.06	88.52	30.00	323.78	9.96	9.90	9.80	0.4160	25.25	24.50
EQU	0	11/05/22	12:26:38	22.66	NaN	6853.20	2336.90	462.66	3.25	31.74	1021.00	-0.90	3.05	89.72	30.00	321.06	9.96	9.91	9.77	0.4140	25.31	24.75
EQU	0	11/05/22	12:28:09	22.67	NaN	6834.20	2324.90	468.04	3.30	31.79	1021.00	-0.93	3.03	89.89	30.00	323.03	9.96	9.90	9.73	0.4140	25.31	25.00
EQU	0	11/05/22	12:29:40	22.72	NaN	6827.10	2320.70	473.20	3.34	31.87	1021.10	-0.90	3.04	89.61	30.00	316.66	9.96	9.90	9.65	0.4090	25.37	25.25
EQU	0	11/05/22	12:31:12	22.74	NaN	6805.40	2307.40	477.20	3.38	31.94	1021.10	-1.35	3.04	83.68	30.00	282.70	9.96	9.90	9.57	0.4070	25.44	25.31
EQU	0	11/05/22	12:32:43	22.73	NaN	6805.10	2306.90	472.45	3.34	31.93	1021.10	-1.20	3.04	89.34	30.00	252.23	9.96	9.90	9.70	0.4110	25.50	24.87
ATM-DRAIN	0	11/05/22	12:37:30	22.84	NaN	2065.10	353.86	878.12	7.02	31.92	1021.30	-0.35	2.58	95.29	30.00	257.50	9.96	9.91	9.87	0.4170	25.44	24.25
SHUT DOWN	0	11/05/22	12:37:58
