Type	error	PC Date	PC Time	equ temp	std val	CO2 mv	CO2 um/m	H2O mv	H2O mm/m	licor temp	licor press	equ press	H2O flow	licor flow	equ pump	vent flow	atm cond	equ cond	drip 1	drip 2	cond temp	dry box temp
STD1z	0	12/05/22	11:04:43	25.63	0.00	-51.05	-0.75	5.75	0.03	32.85	1016.60	-1.03	1.44	66.54	29.00	323.79	9.96	9.93	9.90	0.4200	25.12	24.50
STD3s	0	12/05/22	11:09:34	26.16	0.00	4937.50	1308.70	6.37	0.04	32.67	1016.60	-1.29	2.74	66.31	29.00	346.85	9.96	9.93	9.49	0.4040	25.12	24.69
STD1	0	12/05/22	11:14:20	25.66	0.00	-48.55	-7.12	5.21	0.03	32.55	1016.70	-0.89	2.80	66.68	29.00	364.15	9.95	9.93	9.41	0.4010	25.06	24.44
STD1	0	12/05/22	11:15:46	25.93	0.00	-49.15	-7.21	5.00	0.03	32.41	1016.70	-0.81	2.79	66.08	29.00	368.27	9.95	9.93	9.48	0.4040	25.00	24.37
STD1	0	12/05/22	11:17:13	25.64	0.00	-49.67	-7.29	4.33	0.03	32.47	1016.60	-0.84	2.82	66.63	29.00	370.86	9.96	9.93	9.33	0.3980	25.00	24.62
STD2	0	12/05/22	11:22:00	25.73	608.37	2971.80	586.50	6.00	0.04	32.09	1016.80	-1.28	2.86	68.03	29.00	366.23	9.95	9.93	9.80	0.4170	24.94	23.75
STD2	0	12/05/22	11:23:26	25.83	608.37	2975.20	587.33	8.04	0.05	31.99	1016.70	-1.04	2.86	66.86	29.00	365.90	9.95	9.93	9.85	0.4190	24.94	23.69
STD2	0	12/05/22	11:24:53	26.17	608.37	2977.60	587.74	9.17	0.06	31.84	1016.70	-0.86	2.85	66.73	29.00	364.16	9.95	9.93	9.89	0.4200	24.87	23.50
STD3	0	12/05/22	11:29:40	26.32	1514.51	4961.70	1315.60	6.46	0.04	31.81	1016.80	-1.02	2.88	66.40	29.00	361.06	9.95	9.93	9.82	0.4180	24.81	24.37
STD3-DRAIN	0	12/05/22	11:31:06	26.13	1514.51	4965.10	1317.30	8.17	0.05	31.84	1016.80	-1.08	2.90	66.03	29.00	362.30	9.95	9.93	9.81	0.4170	24.87	24.75
STD3	0	12/05/22	11:32:54	26.04	1514.51	4951.80	1311.10	8.08	0.05	31.83	1016.80	-0.69	2.90	65.94	29.00	362.14	9.96	9.93	9.75	0.4160	24.94	25.06
ATM	0	12/05/22	11:37:42	25.68	NaN	1978.10	336.00	823.29	6.51	31.65	1016.80	-1.08	2.86	99.37	29.00	362.21	9.95	9.93	9.87	0.4210	24.94	24.44
ATM	0	12/05/22	11:39:09	25.97	NaN	2002.60	341.44	820.66	6.48	31.66	1016.80	-0.44	2.87	99.48	29.00	361.58	9.95	9.93	9.89	0.4210	24.94	24.50
ATM	0	12/05/22	11:40:36	26.26	NaN	2000.60	340.92	818.45	6.46	31.59	1016.80	-1.52	2.86	99.42	29.00	360.68	9.95	9.93	9.90	0.4210	24.94	24.25
EQU	0	12/05/22	11:45:59	25.84	NaN	1581.70	252.38	418.83	2.91	31.32	1016.50	-1.03	2.24	91.11	29.00	353.95	9.95	9.93	9.92	0.4210	24.81	23.37
EQU	0	12/05/22	11:47:30	25.54	NaN	1628.90	261.48	417.75	2.90	31.22	1016.90	-1.21	2.52	95.01	29.00	354.18	9.95	9.93	9.93	0.4220	24.75	23.25
EQU	0	12/05/22	11:49:02	25.32	NaN	1687.00	273.08	416.58	2.89	31.18	1016.90	-1.18	1.88	90.11	29.00	354.04	9.95	9.93	9.92	0.4220	24.75	23.31
EQU	0	12/05/22	11:50:32	25.28	NaN	1677.60	271.25	421.70	2.93	31.24	1016.90	-0.91	2.33	92.90	29.00	354.41	9.95	9.93	9.90	0.4210	24.75	23.75
EQU	0	12/05/22	11:52:04	25.15	NaN	1708.10	277.45	428.50	2.99	31.27	1016.90	-1.17	1.64	92.85	29.00	354.67	9.95	9.93	9.87	0.4190	24.75	24.19
EQU	0	12/05/22	11:53:35	25.31	NaN	1700.70	276.03	433.16	3.03	31.37	1017.00	-0.83	2.26	91.56	29.00	354.85	9.95	9.93	9.85	0.4190	24.81	24.50
EQU	0	12/05/22	11:55:06	25.38	NaN	1675.70	271.00	434.37	3.04	31.38	1016.90	-0.72	1.60	90.39	29.00	354.60	9.95	9.93	9.82	0.4180	24.81	24.62
EQU	0	12/05/22	11:56:37	25.09	NaN	1795.20	295.45	430.66	3.01	31.34	1016.90	-0.77	2.95	90.89	29.00	354.32	9.95	9.93	9.85	0.4190	24.87	24.25
EQU	0	12/05/22	11:58:07	24.75	NaN	1889.30	315.29	424.45	2.96	31.33	1017.00	-1.11	2.94	91.89	29.00	354.06	9.95	9.93	9.87	0.4200	24.87	23.87
EQU	0	12/05/22	11:59:38	24.74	NaN	1949.40	328.15	420.45	2.92	31.22	1017.00	-1.29	2.89	91.44	29.00	353.96	9.95	9.93	9.90	0.4210	24.87	23.69
EQU-DRAIN	0	12/05/22	12:01:10	24.86	NaN	1937.10	325.43	418.41	2.91	31.18	1017.00	-0.99	2.92	91.56	29.00	353.57	9.95	9.93	9.91	0.4210	24.87	23.56
EQU	0	12/05/22	12:03:02	24.66	NaN	1921.90	322.05	414.04	2.87	31.12	1017.00	-1.27	2.92	91.61	29.00	353.49	9.95	9.93	9.93	0.4210	24.81	23.31
EQU	0	12/05/22	12:04:33	24.55	NaN	1988.80	336.58	416.37	2.89	31.07	1017.10	-1.14	2.90	92.45	29.00	353.40	9.95	9.93	9.93	0.4220	24.81	23.31
EQU	0	12/05/22	12:06:04	24.11	NaN	2189.30	381.96	416.20	2.89	31.01	1017.10	-1.21	2.86	92.23	29.00	353.28	9.95	9.93	9.93	0.4220	24.81	23.19
EQU	0	12/05/22	12:07:34	24.00	NaN	2346.60	419.44	415.29	2.88	31.02	1017.10	-1.38	2.73	92.51	29.00	352.86	9.95	9.93	9.94	0.4220	24.75	23.06
EQU	0	12/05/22	12:09:04	24.44	NaN	2344.50	418.83	417.66	2.90	30.95	1017.10	-1.47	2.90	92.57	29.00	352.78	9.95	9.93	9.94	0.4230	24.75	23.00
EQU	0	12/05/22	12:10:34	24.84	NaN	2152.80	373.36	420.66	2.92	30.88	1017.10	-1.35	2.89	92.12	29.00	352.01	9.95	9.93	9.94	0.4230	24.69	23.06
EQU	0	12/05/22	12:12:04	24.89	NaN	1980.60	334.47	417.58	2.90	30.85	1017.20	-1.38	2.94	91.33	29.00	351.38	9.95	9.93	9.94	0.4230	24.62	23.12
EQU	0	12/05/22	12:13:36	25.07	NaN	1884.30	313.58	419.29	2.91	30.80	1017.20	-1.31	2.84	91.95	29.00	351.53	9.95	9.92	9.94	0.4230	24.62	22.94
EQU	0	12/05/22	12:15:07	24.53	NaN	2007.00	340.42	425.41	2.96	30.98	1017.30	-2.29	2.87	88.90	29.00	352.10	9.95	9.92	9.82	0.4180	24.62	23.87
EQU	0	12/05/22	12:16:38	24.48	NaN	2155.20	373.87	432.58	3.02	30.95	1017.40	-0.90	2.90	90.17	29.00	352.41	9.95	9.93	9.21	0.3930	24.62	24.00
EQU	0	12/05/22	12:18:09	24.49	NaN	2210.90	386.89	434.83	3.04	31.01	1017.40	-1.01	2.90	92.23	29.00	353.89	9.95	9.93	8.65	0.3700	24.69	23.94
EQU	0	12/05/22	12:19:40	24.88	NaN	2160.80	375.17	431.62	3.01	30.93	1017.30	-1.12	2.95	90.61	29.00	356.70	9.95	9.93	8.82	0.3780	24.69	23.62
EQU	0	12/05/22	12:21:12	24.88	NaN	2042.50	348.25	429.58	2.99	30.91	1017.30	-0.96	2.95	91.05	29.00	360.54	9.95	9.93	9.27	0.3960	24.69	23.75
EQU	0	12/05/22	12:22:42	24.98	NaN	2020.10	343.35	433.04	3.02	31.02	1017.30	-1.11	2.94	92.96	29.00	362.19	9.95	9.93	9.40	0.4010	24.75	24.25
EQU	0	12/05/22	12:24:14	25.07	NaN	1944.60	326.91	440.00	3.08	31.10	1017.30	-1.07	2.94	92.06	29.00	362.08	9.95	9.93	9.42	0.4020	24.75	24.62
EQU	0	12/05/22	12:25:45	25.45	NaN	1806.50	297.48	446.08	3.13	31.13	1017.40	-0.85	2.95	91.72	29.00	361.93	9.95	9.93	9.40	0.4010	24.87	24.81
EQU	0	12/05/22	12:27:16	25.47	NaN	1704.10	276.41	445.20	3.12	31.19	1017.50	-0.89	2.94	92.06	29.00	361.98	9.95	9.93	9.53	0.4060	24.87	24.44
EQU	0	12/05/22	12:28:46	25.53	NaN	1670.00	269.53	446.33	3.13	31.20	1017.50	-1.02	2.93	92.28	29.00	362.69	9.95	9.93	9.45	0.4030	24.94	24.62
EQU	0	12/05/22	12:30:17	25.34	NaN	1676.00	270.72	445.20	3.12	31.21	1017.50	-0.91	2.95	92.45	29.00	362.20	9.95	9.92	9.19	0.3930	25.00	24.44
EQU-DRAIN	0	12/05/22	12:31:48	25.32	NaN	1695.50	274.77	443.12	3.10	31.30	1017.50	-0.79	2.95	92.23	29.00	361.52	9.95	9.92	9.30	0.3960	25.00	24.44
EQU	0	12/05/22	12:33:41	25.98	NaN	1638.90	263.41	438.75	3.07	31.32	1017.50	-0.89	2.96	92.28	29.00	360.27	9.95	9.92	9.35	0.3980	25.06	24.69
EQU	0	12/05/22	12:35:12	25.98	NaN	1610.10	257.76	444.08	3.11	31.41	1017.50	-0.96	2.94	90.78	29.00	359.99	9.96	9.93	8.79	0.3760	25.12	25.19
EQU	0	12/05/22	12:36:43	25.95	NaN	1579.90	251.77	443.95	3.11	31.35	1017.60	-1.12	2.93	93.87	29.00	360.45	9.96	9.93	8.97	0.3820	25.19	24.81
EQU	0	12/05/22	12:38:12	26.16	NaN	1571.30	250.08	443.12	3.10	31.34	1017.60	-1.02	2.96	92.51	29.00	361.66	9.96	9.92	9.27	0.3950	25.19	24.56
EQU	0	12/05/22	12:39:42	26.17	NaN	1548.00	245.59	444.16	3.11	31.41	1017.60	-1.08	2.94	91.67	29.00	362.19	9.96	9.92	9.28	0.3950	25.19	24.56
EQU	0	12/05/22	12:41:13	26.15	NaN	1542.20	244.48	445.91	3.13	31.41	1017.60	-1.34	2.92	91.84	29.00	362.51	9.96	9.92	9.19	0.3910	25.25	24.56
EQU	0	12/05/22	12:42:44	26.06	NaN	1534.20	242.92	444.95	3.12	31.39	1017.60	-1.52	2.93	89.67	29.00	362.07	9.96	9.92	9.51	0.4040	25.25	24.25
EQU	0	12/05/22	12:44:16	26.31	NaN	1544.80	244.96	441.20	3.09	31.38	1017.50	-1.14	2.92	92.12	29.00	361.40	9.96	9.92	9.72	0.4120	25.25	24.06
EQU	0	12/05/22	12:45:46	26.15	NaN	1519.30	240.01	443.45	3.11	31.33	1017.50	-1.01	2.94	92.34	29.00	360.85	9.95	9.92	9.82	0.4160	25.25	23.75
EQU	0	12/05/22	12:47:17	25.96	NaN	1551.60	246.16	443.54	3.11	31.25	1017.60	-1.17	2.92	91.00	29.00	360.42	9.95	9.92	9.86	0.4190	25.19	23.75
EQU	0	12/05/22	12:48:46	25.79	NaN	1569.70	249.69	442.58	3.10	31.26	1017.60	-1.28	2.92	92.68	29.00	360.23	9.95	9.92	9.89	0.4190	25.19	23.69
EQU	0	12/05/22	12:50:16	25.79	NaN	1575.20	250.71	443.79	3.11	31.20	1017.60	-0.87	2.34	91.39	29.00	359.74	9.95	9.92	9.90	0.4200	25.19	23.62
EQU	0	12/05/22	12:51:47	25.81	NaN	1578.80	251.39	443.79	3.11	31.17	1017.60	-1.04	2.92	91.39	29.00	359.18	9.95	9.92	9.91	0.4200	25.19	23.62
EQU	0	12/05/22	12:53:18	25.84	NaN	1563.80	248.40	441.33	3.09	31.11	1017.60	-1.20	2.92	90.55	29.00	358.68	9.95	9.92	9.92	0.4190	25.19	23.56
EQU	0	12/05/22	12:54:48	25.79	NaN	1590.70	253.63	440.16	3.08	31.08	1017.60	-1.11	2.90	91.50	29.00	358.34	9.95	9.92	9.93	0.4200	25.12	23.44
EQU	0	12/05/22	12:56:20	25.93	NaN	1588.20	253.17	437.12	3.05	31.10	1017.60	-1.24	2.94	91.33	29.00	358.74	9.95	9.92	9.93	0.4210	25.12	23.37
EQU	0	12/05/22	12:57:51	26.11	NaN	1523.30	240.57	438.45	3.06	31.12	1017.60	-1.17	2.79	90.83	29.00	363.29	9.95	9.92	9.91	0.4200	25.12	23.69
EQU	0	12/05/22	12:59:22	26.16	NaN	1500.70	236.30	445.50	3.12	31.17	1017.60	-0.95	2.92	91.00	29.00	370.92	9.95	9.92	9.89	0.4200	25.12	24.31
EQU	0	12/05/22	13:00:53	26.16	NaN	1478.10	232.10	453.87	3.19	31.29	1017.60	-0.77	2.93	93.07	29.00	377.19	9.95	9.92	9.88	0.4180	25.19	24.75
EQU-DRAIN	0	12/05/22	13:02:24	26.22	NaN	1523.60	240.87	458.20	3.23	31.37	1017.70	-0.72	2.91	93.41	29.00	383.61	9.96	9.92	9.85	0.4180	25.25	25.00
EQU	0	12/05/22	13:04:15	26.45	NaN	1693.00	274.42	460.62	3.25	31.52	1017.70	-1.12	2.89	90.72	29.00	391.69	9.96	9.92	9.76	0.4130	25.31	25.37
EQU	0	12/05/22	13:05:45	27.00	NaN	1869.90	311.24	463.75	3.27	31.63	1017.70	-0.74	2.88	92.00	29.00	397.23	9.96	9.92	9.68	0.4100	25.44	25.62
EQU	0	12/05/22	13:07:15	27.36	NaN	2054.40	351.80	466.41	3.30	31.74	1017.60	-0.53	2.90	91.89	29.00	384.52	9.96	9.92	9.61	0.4070	25.56	25.75
EQU	0	12/05/22	13:08:46	27.45	NaN	2166.30	377.52	469.00	3.32	31.86	1017.60	-0.74	2.89	90.72	29.00	381.23	9.96	9.92	9.57	0.4060	25.62	25.87
EQU	0	12/05/22	13:10:17	27.51	NaN	2215.90	389.21	469.62	3.32	31.95	1017.60	-0.64	2.88	90.89	29.00	385.55	9.96	9.92	9.55	0.4050	25.75	26.06
EQU	0	12/05/22	13:11:46	27.51	NaN	2224.30	391.24	467.37	3.31	31.98	1017.60	-1.00	2.88	91.61	29.00	392.89	9.96	9.92	9.57	0.4050	25.81	25.81
EQU	0	12/05/22	13:13:17	27.53	NaN	2289.70	406.81	459.50	3.24	31.97	1017.60	-0.67	2.90	90.72	29.00	386.89	9.96	9.92	9.70	0.4100	25.87	25.44
EQU	0	12/05/22	13:14:48	27.52	NaN	2295.10	408.16	454.95	3.21	32.02	1017.60	-0.61	2.88	91.50	29.00	387.45	9.96	9.92	9.79	0.4130	25.94	25.37
EQU	0	12/05/22	13:16:19	27.51	NaN	2300.00	409.28	455.37	3.21	31.99	1017.70	-1.12	2.88	91.17	29.00	385.35	9.96	9.92	9.87	0.4170	26.00	25.00
ATM	0	12/05/22	13:21:06	27.51	NaN	2026.30	346.75	865.16	6.92	31.87	1017.60	-1.01	2.96	100.67	29.00	384.82	9.96	9.92	9.93	0.4190	26.00	24.56
ATM	0	12/05/22	13:22:33	27.51	NaN	2027.60	347.03	865.29	6.92	31.90	1017.70	-0.92	2.93	100.73	29.00	383.32	9.96	9.92	9.93	0.4190	26.00	24.56
ATM	0	12/05/22	13:23:59	27.53	NaN	2057.50	353.81	870.12	6.97	31.91	1017.60	-0.76	2.91	100.73	29.00	385.04	9.96	9.92	9.92	0.4180	26.00	24.81
EQU	0	12/05/22	13:29:21	27.61	NaN	2316.40	413.79	472.87	3.36	32.30	1017.50	-0.53	2.88	91.44	29.00	380.77	9.96	9.92	9.88	0.4160	26.19	26.06
EQU	0	12/05/22	13:30:51	27.60	NaN	2325.10	415.83	465.16	3.29	32.25	1017.50	-0.55	2.90	91.44	29.00	375.41	9.96	9.92	9.88	0.4160	26.25	25.69
EQU-DRAIN	0	12/05/22	13:32:21	27.61	NaN	2317.70	414.12	457.79	3.23	32.40	1017.70	-0.96	2.90	89.12	29.00	365.03	9.96	9.92	9.90	0.4170	26.31	25.94
EQU	0	12/05/22	13:34:13	27.57	NaN	2312.90	413.02	455.12	3.21	32.43	1017.60	-0.75	2.92	91.44	29.00	347.31	9.96	9.92	9.54	0.4020	26.31	26.25
EQU	0	12/05/22	13:35:43	27.36	NaN	2309.30	412.27	455.91	3.22	32.49	1017.50	-0.35	2.91	93.81	29.00	338.01	9.96	9.92	9.37	0.3950	26.44	26.19
EQU	0	12/05/22	13:37:14	27.28	NaN	2302.90	410.72	452.87	3.20	32.53	1017.60	-0.56	2.90	90.50	29.00	336.83	9.96	9.92	9.24	0.3900	26.44	26.31
EQU	0	12/05/22	13:38:44	27.30	NaN	2294.30	408.70	452.04	3.19	32.56	1017.60	-0.95	2.89	94.15	29.00	334.02	9.96	9.92	9.07	0.3840	26.50	26.25
EQU	0	12/05/22	13:40:14	27.40	NaN	2294.90	408.88	446.83	3.15	32.63	1017.70	-0.49	2.87	91.00	29.00	329.52	9.96	9.92	8.90	0.3750	26.50	26.19
EQU	0	12/05/22	13:41:45	27.43	NaN	2298.90	409.90	442.16	3.11	32.64	1017.60	-0.78	2.86	90.78	29.00	317.70	9.96	9.92	9.01	0.3800	26.56	26.12
EQU	0	12/05/22	13:43:15	27.35	NaN	2298.20	409.76	440.33	3.10	32.66	1017.50	-0.70	2.89	91.56	29.00	297.35	9.96	9.92	8.77	0.3700	26.62	26.12
EQU	0	12/05/22	13:44:46	27.30	NaN	2296.60	409.37	440.62	3.10	32.64	1017.50	-0.44	2.89	93.02	29.00	273.07	9.96	9.92	8.99	0.3800	26.62	25.81
EQU	0	12/05/22	13:46:16	27.28	NaN	2293.90	408.61	438.00	3.08	32.57	1017.50	-0.81	2.89	91.28	29.00	270.19	9.96	9.92	9.62	0.4040	26.62	25.25
EQU	0	12/05/22	13:47:47	27.25	NaN	2288.50	407.17	432.16	3.03	32.49	1017.60	-0.62	2.88	91.11	29.00	267.11	9.96	9.92	9.84	0.4130	26.62	24.75
EQU	0	12/05/22	13:49:17	27.24	NaN	2289.00	407.17	428.08	2.99	32.41	1017.60	-1.26	2.82	88.08	29.00	265.47	9.96	9.92	9.91	0.4150	26.56	24.44
EQU	0	12/05/22	13:50:48	27.25	NaN	2288.00	406.76	426.37	2.98	32.29	1017.60	-1.14	2.77	89.34	29.00	264.78	9.96	9.92	9.93	0.4160	26.50	24.25
EQU	0	12/05/22	13:52:18	27.25	NaN	2288.50	406.73	425.95	2.98	32.21	1017.70	-0.93	2.83	90.66	29.00	264.76	9.96	9.92	9.94	0.4160	26.44	24.06
EQU	0	12/05/22	13:53:49	27.23	NaN	2288.20	406.74	426.62	2.98	32.25	1017.60	-1.37	2.85	89.67	29.00	264.90	9.96	9.92	9.94	0.4160	26.37	24.00
EQU	0	12/05/22	13:55:19	27.23	NaN	2288.60	406.71	428.00	2.99	32.12	1017.50	-1.29	2.85	91.56	29.00	264.73	9.96	9.92	9.94	0.4170	26.31	24.00
EQU	0	12/05/22	13:56:50	27.21	NaN	2287.10	406.23	426.62	2.98	32.10	1017.70	-0.91	2.86	87.37	29.00	264.40	9.96	9.90	9.94	0.4170	26.31	23.94
EQU	0	12/05/22	13:58:20	27.21	NaN	2287.00	406.22	429.54	3.00	32.08	1017.60	-1.10	2.85	89.67	29.00	264.06	9.96	9.89	9.94	0.4170	26.25	24.00
EQU	0	12/05/22	13:59:51	27.20	NaN	2284.00	405.54	432.95	3.03	32.07	1017.50	-0.81	2.88	91.17	29.00	264.00	9.96	9.87	9.94	0.4170	26.19	24.12
EQU	0	12/05/22	14:01:22	27.22	NaN	2258.00	399.26	437.00	3.06	32.06	1017.60	-0.96	2.87	90.66	29.00	264.41	9.96	9.85	9.93	0.4170	26.19	24.69
EQU-DRAIN	0	12/05/22	14:02:52	27.24	NaN	2281.80	405.18	439.37	3.08	32.15	1017.50	-0.79	2.86	87.26	29.00	264.15	9.96	9.87	9.80	0.4120	26.19	25.00
EQU	0	12/05/22	14:04:43	27.24	NaN	2285.20	406.07	440.45	3.09	32.22	1017.50	-0.65	2.86	91.00	29.00	263.88	9.96	9.84	9.84	0.4130	26.25	25.19
EQU	0	12/05/22	14:06:13	27.20	NaN	2286.00	406.17	441.20	3.10	32.16	1017.50	-1.34	2.88	90.89	29.00	263.44	9.96	9.89	9.87	0.4140	26.25	24.94
EQU	0	12/05/22	14:07:44	27.19	NaN	2284.80	405.77	436.62	3.06	32.11	1017.60	-0.72	2.88	109.11	29.00	263.47	9.96	9.89	9.91	0.4160	26.25	24.62
EQU	0	12/05/22	14:09:14	27.19	NaN	2287.80	406.37	432.50	3.03	32.02	1017.50	-0.90	2.88	91.84	29.00	264.78	9.96	9.90	9.93	0.4160	26.19	24.37
EQU	0	12/05/22	14:10:45	27.20	NaN	2284.80	405.53	430.08	3.01	31.96	1017.60	-1.04	2.87	89.39	29.00	265.53	9.96	9.91	9.93	0.4160	26.19	24.25
EQU	0	12/05/22	14:12:15	27.22	NaN	2288.20	406.37	430.33	3.01	31.96	1017.60	-0.89	2.88	90.61	29.00	264.43	9.96	9.91	9.93	0.4170	26.12	24.06
EQU	0	12/05/22	14:13:46	27.17	NaN	2288.20	406.40	431.16	3.02	31.96	1017.50	-1.08	2.89	90.44	29.00	264.23	9.96	9.91	9.93	0.4160	26.12	24.00
EQU	0	12/05/22	14:15:17	27.14	NaN	2287.20	406.15	435.54	3.05	31.92	1017.50	-1.00	2.88	88.79	29.00	264.67	9.95	9.91	9.94	0.4170	26.12	24.06
EQU	0	12/05/22	14:16:47	27.12	NaN	2285.10	405.43	439.83	3.08	31.78	1017.60	-0.81	2.88	89.56	29.00	265.37	9.95	9.91	9.93	0.4160	26.06	24.06
EQU	0	12/05/22	14:18:18	27.09	NaN	2281.70	404.74	441.37	3.10	31.88	1017.60	-0.61	2.88	90.28	29.00	266.05	9.95	9.91	9.94	0.4180	26.06	23.94
EQU	0	12/05/22	14:19:48	27.03	NaN	2280.40	404.26	438.79	3.07	31.77	1017.60	-1.08	2.88	91.56	29.00	266.42	9.95	9.91	9.94	0.4180	26.00	24.00
EQU	0	12/05/22	14:21:19	27.04	NaN	2278.10	403.69	439.20	3.08	31.77	1017.60	-0.59	2.88	87.86	29.00	266.21	9.95	9.91	9.94	0.4170	26.00	23.87
EQU	0	12/05/22	14:22:49	27.06	NaN	2277.50	403.55	439.20	3.08	31.73	1017.50	-0.75	2.97	91.78	29.00	266.51	9.95	9.91	9.94	0.4180	26.00	23.75
EQU	0	12/05/22	14:24:20	27.07	NaN	2278.20	403.62	441.33	3.09	31.67	1017.60	-1.03	2.94	91.39	29.00	266.06	9.95	9.91	9.94	0.4180	26.00	24.00
EQU	0	12/05/22	14:25:50	27.06	NaN	2279.60	404.06	443.33	3.11	31.75	1017.60	-0.81	2.95	89.89	29.00	266.84	9.95	9.91	9.94	0.4180	25.94	24.19
EQU	0	12/05/22	14:27:21	27.09	NaN	2277.80	403.59	445.54	3.13	31.73	1017.60	-0.90	2.93	91.89	29.00	266.94	9.95	9.91	9.94	0.4170	25.94	24.19
EQU	0	12/05/22	14:28:52	27.07	NaN	2251.70	397.31	444.79	3.12	31.68	1017.60	-0.93	2.91	87.92	29.00	267.07	9.95	9.91	9.94	0.4180	25.94	24.19
EQU	0	12/05/22	14:30:22	27.03	NaN	2276.40	403.15	441.04	3.09	31.66	1017.60	-0.75	2.92	92.28	29.00	270.91	9.95	9.91	9.94	0.4190	25.94	24.00
EQU	0	12/05/22	14:31:53	27.01	NaN	2277.70	403.35	437.62	3.06	31.60	1017.60	-1.02	2.92	91.84	29.00	276.48	9.95	9.91	9.94	0.4180	25.87	23.81
EQU-DRAIN	0	12/05/22	14:33:24	27.02	NaN	2224.80	390.71	436.70	3.05	31.47	1017.60	-1.06	2.86	90.72	29.00	278.34	9.95	9.90	9.94	0.4190	25.81	23.62
EQU	0	12/05/22	14:35:16	27.06	NaN	2234.90	392.98	434.83	3.04	31.45	1017.60	-0.79	2.89	91.11	29.00	274.71	9.95	9.90	9.95	0.4180	25.81	23.50
EQU	0	12/05/22	14:36:45	27.05	NaN	2232.00	392.24	436.33	3.05	31.40	1017.60	-0.91	2.88	91.89	29.00	273.12	9.95	9.90	9.94	0.4190	25.81	23.50
EQU	0	12/05/22	14:38:15	27.05	NaN	2230.90	391.93	436.04	3.05	31.36	1017.60	-0.90	2.87	91.33	29.00	273.45	9.95	9.89	9.95	0.4190	25.81	23.37
EQU	0	12/05/22	14:39:45	27.08	NaN	2246.00	395.38	435.45	3.04	31.32	1017.80	-1.32	2.79	83.47	29.00	274.31	9.95	9.88	9.95	0.4190	25.75	23.44
EQU	0	12/05/22	14:41:15	27.25	NaN	2233.80	392.61	435.00	3.04	31.36	1017.60	-0.99	2.87	94.09	29.00	298.24	9.95	9.88	9.95	0.4190	25.69	23.37
EQU	0	12/05/22	14:42:46	27.12	NaN	2249.00	396.03	434.87	3.04	31.29	1017.80	-1.32	2.87	93.81	29.00	333.43	9.95	9.88	9.94	0.4190	25.69	23.31
EQU	0	12/05/22	14:44:17	26.98	NaN	2129.80	368.34	435.95	3.05	31.34	1017.70	-0.61	2.89	93.41	29.00	364.10	9.95	9.89	9.85	0.4160	25.62	24.00
EQU	0	12/05/22	14:45:48	27.09	NaN	2114.00	364.78	440.20	3.08	31.37	1017.70	-0.62	2.90	85.06	29.00	351.29	9.95	9.89	9.41	0.3980	25.69	24.37
EQU	0	12/05/22	14:47:19	27.24	NaN	2170.10	377.79	444.87	3.12	31.44	1017.70	-0.88	2.87	91.72	29.00	354.93	9.95	9.89	8.93	0.3800	25.62	24.87
EQU	0	12/05/22	14:48:50	27.39	NaN	2221.60	389.93	450.91	3.17	31.52	1017.70	-0.60	2.89	91.22	29.00	356.24	9.96	9.90	8.31	0.3530	25.69	25.00
EQU	0	12/05/22	14:50:22	27.45	NaN	2284.10	404.84	450.87	3.17	31.57	1017.70	-0.57	2.88	91.28	29.00	372.45	9.96	9.90	8.02	0.3410	25.75	25.00
EQU	0	12/05/22	14:51:53	27.44	NaN	2253.70	397.69	452.45	3.18	31.66	1017.80	-0.65	2.88	89.17	29.00	376.54	9.96	9.90	7.97	0.3400	25.81	25.19
EQU	0	12/05/22	14:53:24	27.40	NaN	2258.90	399.06	454.20	3.20	31.76	1017.80	-0.57	2.88	87.26	29.00	380.94	9.96	9.90	7.70	0.3280	25.87	25.56
EQU	0	12/05/22	14:54:55	27.32	NaN	2303.90	409.79	449.41	3.16	31.67	1017.70	-0.77	2.87	90.44	29.00	321.85	9.96	9.90	8.00	0.3400	25.94	25.06
EQU	0	12/05/22	14:56:26	27.28	NaN	2302.90	409.50	443.04	3.11	31.67	1017.70	-0.67	2.88	89.78	29.00	258.36	9.96	9.90	9.02	0.3820	25.94	24.44
EQU	0	12/05/22	14:57:57	27.24	NaN	2302.50	409.40	439.50	3.08	31.66	1017.70	-0.74	2.85	89.28	29.00	225.84	9.96	9.90	9.50	0.4000	25.94	24.37
EQU	0	12/05/22	14:59:27	27.28	NaN	2296.80	407.90	438.45	3.07	31.58	1017.70	-0.71	2.87	89.23	29.00	230.98	9.96	9.90	9.70	0.4090	25.94	24.12
STD1-DRAIN	0	12/05/22	15:04:14	27.34	0.00	-49.62	-6.66	12.25	0.07	31.52	1017.60	-0.97	2.87	66.08	29.00	336.38	9.95	9.90	9.91	0.4160	25.87	23.94
STD1	0	12/05/22	15:06:02	27.29	0.00	-49.90	-6.70	10.17	0.06	31.47	1017.60	-0.67	2.89	65.80	29.00	338.48	9.96	9.90	9.92	0.4170	25.87	23.94
STD1	0	12/05/22	15:07:29	27.30	0.00	-50.33	-6.75	8.87	0.05	31.49	1017.60	-0.80	2.88	66.03	29.00	344.14	9.95	9.90	9.93	0.4170	25.87	23.81
STD2	0	12/05/22	15:12:16	27.30	608.37	2981.20	587.15	10.71	0.06	31.38	1017.60	-1.24	2.87	68.73	29.00	339.66	9.95	9.91	9.93	0.4190	25.75	23.50
STD2	0	12/05/22	15:13:43	27.23	608.37	2981.90	587.25	13.00	0.08	31.35	1017.60	-1.11	2.88	66.68	29.00	340.56	9.95	9.91	9.94	0.4180	25.69	23.44
STD2	0	12/05/22	15:15:10	27.22	608.37	2979.90	586.76	13.33	0.08	31.38	1017.60	-0.58	2.88	66.45	29.00	341.95	9.95	9.91	9.93	0.4180	25.69	23.31
STD3	0	12/05/22	15:19:57	27.15	1514.51	4958.10	1309.60	10.46	0.06	31.21	1017.60	-1.23	2.82	65.80	29.00	337.36	9.95	9.91	9.94	0.4190	25.56	23.37
STD3	0	12/05/22	15:21:25	27.22	1514.51	4971.10	1315.40	12.50	0.08	31.20	1017.60	-1.05	2.88	65.57	29.00	336.79	9.95	9.91	9.94	0.4190	25.56	23.31
STD3	0	12/05/22	15:22:52	27.38	1514.51	4965.30	1312.20	12.71	0.08	31.12	1017.70	-0.62	2.88	65.76	29.00	335.30	9.95	9.91	9.94	0.4180	25.50	23.31
ATM	0	12/05/22	15:27:38	27.41	NaN	2011.40	342.42	837.37	6.63	31.06	1017.60	-1.11	2.93	100.79	29.00	326.13	9.95	9.91	9.94	0.4190	25.37	23.19
ATM	0	12/05/22	15:29:04	27.43	NaN	2019.40	344.10	839.83	6.65	31.04	1017.80	-1.49	2.95	100.61	29.00	327.39	9.95	9.91	9.94	0.4200	25.37	23.19
ATM	0	12/05/22	15:30:32	27.39	NaN	2010.60	342.18	840.08	6.65	31.01	1017.60	-0.84	2.97	100.73	29.00	328.28	9.95	9.91	9.94	0.4200	25.37	23.19
EQU-DRAIN	0	12/05/22	15:35:54	27.25	NaN	2318.10	412.18	437.04	3.05	30.92	1017.60	-1.28	2.90	91.00	29.00	329.30	9.95	9.91	9.94	0.4210	25.25	23.06
EQU	0	12/05/22	15:37:46	27.20	NaN	2259.20	397.94	434.87	3.03	30.80	1017.50	-1.04	2.89	92.45	29.00	328.44	9.95	9.92	9.94	0.4210	25.19	23.06
EQU	0	12/05/22	15:39:15	27.25	NaN	2252.20	396.38	438.91	3.07	30.88	1017.60	-1.11	2.89	94.61	29.00	325.07	9.95	9.92	9.94	0.4210	25.19	23.25
EQU	0	12/05/22	15:40:45	27.18	NaN	2253.10	396.67	442.25	3.09	30.90	1017.50	-1.27	2.89	91.11	29.00	314.46	9.95	9.92	9.94	0.4200	25.19	23.31
EQU	0	12/05/22	15:42:15	27.05	NaN	2198.70	383.86	443.54	3.10	30.89	1017.50	-0.96	2.91	93.75	29.00	302.43	9.95	9.92	9.94	0.4210	25.12	23.25
EQU	0	12/05/22	15:43:45	27.01	NaN	2018.00	342.77	447.70	3.14	30.95	1017.50	-0.85	2.89	98.13	29.00	301.35	9.95	9.92	9.94	0.4200	25.12	23.62
EQU	0	12/05/22	15:45:16	26.96	NaN	1902.80	317.72	451.83	3.17	31.05	1017.60	-0.98	2.88	89.72	29.00	297.72	9.95	9.92	9.91	0.4190	25.19	23.87
EQU	0	12/05/22	15:46:47	26.95	NaN	1884.80	313.97	457.58	3.22	31.15	1017.50	-0.54	2.91	91.56	29.00	291.20	9.95	9.92	9.58	0.4060	25.25	24.81
EQU	0	12/05/22	15:48:18	27.09	NaN	1865.60	309.93	460.54	3.24	31.21	1017.60	-0.78	2.90	92.00	29.00	284.77	9.95	9.92	9.19	0.3910	25.31	25.12
EQU	0	12/05/22	15:49:49	27.05	NaN	1878.80	312.90	459.54	3.24	31.31	1017.50	-0.97	2.87	91.00	29.00	283.70	9.95	9.92	8.79	0.3740	25.37	25.12
EQU	0	12/05/22	15:51:20	27.00	NaN	1859.40	308.76	457.62	3.22	31.33	1017.50	-0.80	2.88	93.19	29.00	283.28	9.96	9.92	8.41	0.3580	25.44	25.12
EQU	0	12/05/22	15:52:52	27.04	NaN	1859.30	308.83	457.00	3.22	31.42	1017.50	-0.85	2.92	94.32	29.00	282.95	9.96	9.92	8.07	0.3440	25.56	25.37
EQU	0	12/05/22	15:54:23	27.04	NaN	1840.30	304.88	455.91	3.21	31.50	1017.50	-0.43	2.92	91.50	29.00	282.80	9.96	9.92	7.97	0.3400	25.62	25.37
EQU	0	12/05/22	15:55:54	27.04	NaN	1836.80	304.25	455.58	3.21	31.57	1017.50	0.55	2.96	85.59	29.00	282.67	9.96	9.92	7.81	0.3330	25.69	25.37
EQU	0	12/05/22	15:57:25	27.09	NaN	1852.10	307.48	455.33	3.21	31.58	1017.50	-0.64	2.94	92.28	29.00	282.38	9.96	9.92	7.36	0.3150	25.69	25.50
EQU	0	12/05/22	15:58:56	27.09	NaN	1866.40	310.60	456.83	3.22	31.68	1017.60	-0.47	2.92	89.17	29.00	281.99	9.96	9.92	7.35	0.3140	25.75	25.62
EQU	0	12/05/22	16:00:27	27.13	NaN	1851.60	307.38	454.45	3.20	31.58	1017.50	-0.73	2.94	90.11	29.00	281.78	9.96	9.92	7.65	0.3270	25.81	24.81
EQU	0	12/05/22	16:01:58	27.12	NaN	1867.20	310.63	446.37	3.13	31.56	1017.50	-1.35	2.92	95.64	29.00	281.87	9.96	9.92	8.70	0.3690	25.81	24.31
EQU-DRAIN	0	12/05/22	16:03:28	27.11	NaN	1911.70	320.12	442.41	3.10	31.53	1017.60	-0.60	2.93	97.37	29.00	282.77	9.96	9.92	9.33	0.3940	25.81	24.12
EQU	0	12/05/22	16:05:20	27.10	NaN	1911.10	319.95	441.33	3.09	31.53	1017.60	-1.43	2.92	93.36	29.00	285.46	9.96	9.92	9.67	0.4080	25.81	24.00
EQU	0	12/05/22	16:06:50	27.10	NaN	1910.30	319.69	439.79	3.08	31.41	1017.60	-1.17	2.92	92.12	29.00	305.99	9.96	9.92	9.81	0.4140	25.81	23.87
EQU	0	12/05/22	16:08:20	27.10	NaN	1891.70	315.70	438.87	3.07	31.41	1017.50	-0.90	2.91	90.78	29.00	328.73	9.95	9.92	9.89	0.4160	25.75	23.75
EQU	0	12/05/22	16:09:51	27.08	NaN	1903.40	318.18	438.70	3.07	31.39	1017.60	-0.77	2.94	111.33	29.00	350.71	9.95	9.92	9.91	0.4180	25.75	23.56
EQU	0	12/05/22	16:11:22	27.09	NaN	1965.80	331.65	435.79	3.05	31.36	1017.60	-1.68	2.91	97.08	29.00	357.52	9.95	9.92	9.93	0.4180	25.69	23.56
EQU	0	12/05/22	16:12:53	27.08	NaN	1969.20	332.43	438.91	3.07	31.36	1017.50	-1.14	2.92	85.59	29.00	348.72	9.95	9.92	9.92	0.4180	25.69	23.56
EQU	0	12/05/22	16:14:23	27.12	NaN	1959.60	330.31	440.04	3.08	31.32	1017.50	-0.65	2.95	93.92	29.00	348.73	9.95	9.92	9.93	0.4190	25.69	23.50
EQU	0	12/05/22	16:15:54	27.17	NaN	1924.90	322.68	437.95	3.06	31.25	1017.60	-0.44	2.92	87.37	29.00	351.72	9.95	9.92	9.93	0.4190	25.62	23.44
EQU	0	12/05/22	16:17:25	27.21	NaN	1950.40	328.22	440.62	3.08	31.25	1017.50	-0.79	2.92	86.24	29.00	335.61	9.95	9.92	9.93	0.4180	25.62	23.62
EQU	0	12/05/22	16:18:56	27.20	NaN	1951.40	328.36	441.95	3.09	31.22	1017.60	-0.99	2.91	92.45	29.00	315.38	9.95	9.92	9.93	0.4190	25.62	23.62
EQU	0	12/05/22	16:20:26	27.22	NaN	1977.40	334.02	440.87	3.08	31.17	1017.60	-0.56	2.95	89.01	29.00	315.64	9.95	9.92	9.93	0.4190	25.56	23.56
EQU	0	12/05/22	16:21:56	27.20	NaN	1984.70	335.63	438.41	3.07	31.15	1017.50	-0.63	2.94	99.78	29.00	331.70	9.95	9.92	9.93	0.4190	25.50	23.31
EQU	0	12/05/22	16:23:27	27.26	NaN	1958.00	329.71	435.66	3.04	31.08	1017.50	-0.73	2.94	91.11	29.00	344.12	9.95	9.92	9.94	0.4190	25.50	23.12
EQU	0	12/05/22	16:24:58	27.24	NaN	1960.60	330.32	436.29	3.05	31.10	1017.40	-2.20	2.91	105.75	29.00	339.39	9.95	9.92	9.93	0.4190	25.50	23.31
EQU	0	12/05/22	16:26:30	27.29	NaN	2028.30	345.26	438.16	3.06	31.09	1017.40	-1.13	2.92	91.44	29.00	330.35	9.95	9.92	9.94	0.4200	25.44	23.37
EQU	0	12/05/22	16:28:01	27.29	NaN	2067.30	353.98	441.83	3.09	31.08	1017.40	-1.11	2.88	90.72	29.00	325.37	9.95	9.92	9.94	0.4200	25.44	23.50
EQU	0	12/05/22	16:29:32	27.19	NaN	2212.90	387.36	438.87	3.07	31.00	1017.40	-1.51	2.36	90.39	29.00	330.07	9.95	9.92	9.94	0.4190	25.37	23.44
EQU	0	12/05/22	16:31:03	27.21	NaN	2105.40	362.52	446.00	3.12	31.02	1017.50	-1.47	2.86	89.72	29.00	329.01	9.95	9.92	9.93	0.4200	25.37	23.50
EQU	0	12/05/22	16:32:33	27.30	NaN	2010.40	341.09	446.29	3.13	30.93	1017.50	-0.99	2.55	91.61	29.00	315.49	9.95	9.92	9.93	0.4180	25.37	23.50
EQU-DRAIN	0	12/05/22	16:34:04	27.29	NaN	1937.80	325.21	445.20	3.12	30.94	1017.40	-1.20	2.39	93.53	29.00	302.23	9.95	9.92	9.93	0.4190	25.37	23.50
EQU	0	12/05/22	16:35:56	27.28	NaN	1884.30	313.62	444.04	3.11	30.89	1017.40	-1.06	2.65	90.61	29.00	302.51	9.95	9.92	9.94	0.4200	25.37	23.44
EQU	0	12/05/22	16:37:27	27.26	NaN	1811.90	298.31	443.83	3.11	30.87	1017.40	-0.87	2.66	91.17	29.00	307.33	9.95	9.92	9.94	0.4190	25.37	23.44
EQU	0	12/05/22	16:38:57	27.25	NaN	1708.90	277.09	441.66	3.09	30.84	1017.40	-1.08	2.66	93.13	29.00	309.12	9.95	9.92	9.94	0.4200	25.31	23.44
EQU	0	12/05/22	16:40:28	27.25	NaN	1631.10	261.43	440.54	3.08	30.80	1017.40	-0.96	2.90	89.94	29.00	315.94	9.95	9.92	9.94	0.4200	25.31	23.31
EQU	0	12/05/22	16:41:59	27.34	NaN	1554.80	246.49	440.00	3.07	30.80	1017.40	-1.05	2.76	89.94	29.00	323.88	9.95	9.92	9.94	0.4190	25.31	23.44
EQU	0	12/05/22	16:43:29	27.30	NaN	1455.80	227.57	441.08	3.08	30.82	1017.40	-0.96	2.79	88.63	29.00	327.13	9.95	9.92	9.94	0.4190	25.25	23.37
EQU	0	12/05/22	16:45:00	27.33	NaN	1353.70	208.56	439.91	3.07	30.75	1017.40	-1.49	1.34	87.86	29.00	332.75	9.95	9.92	9.94	0.4190	25.25	23.44
EQU	0	12/05/22	16:46:30	27.48	NaN	1299.00	198.68	440.37	3.08	30.76	1017.30	-1.02	3.04	90.66	29.00	314.20	9.95	9.92	9.94	0.4200	25.31	23.50
EQU	0	12/05/22	16:48:02	27.53	NaN	1245.20	189.06	438.41	3.06	30.80	1017.40	-1.27	2.94	82.89	29.00	303.60	9.95	9.92	9.94	0.4200	25.25	23.50
EQU	0	12/05/22	16:49:33	27.49	NaN	1137.60	170.43	446.70	3.13	31.01	1017.40	-1.16	2.96	91.61	29.00	288.20	9.95	9.92	9.76	0.4130	25.31	24.44
EQU	0	12/05/22	16:51:03	27.55	NaN	1054.90	156.42	454.87	3.20	31.09	1017.40	-0.78	2.97	90.28	29.00	284.30	9.95	9.92	9.24	0.3930	25.37	25.06
EQU	0	12/05/22	16:52:33	27.45	NaN	1007.50	148.51	454.79	3.20	31.06	1017.20	-1.31	2.08	92.62	29.00	278.55	9.95	9.92	9.49	0.4010	25.44	24.37
EQU	0	12/05/22	16:54:03	27.74	NaN	1011.00	149.07	447.08	3.13	31.06	1017.30	-1.70	2.19	89.67	29.00	278.57	9.95	9.92	9.81	0.4140	25.44	24.06
EQU	0	12/05/22	16:55:33	27.94	NaN	1015.30	149.78	443.75	3.11	31.07	1017.30	-0.87	2.03	92.68	29.00	286.45	9.95	9.92	9.89	0.4160	25.50	24.00
EQU	0	12/05/22	16:57:04	28.13	NaN	1003.90	147.88	443.58	3.11	31.06	1017.30	-1.00	1.90	90.17	29.00	307.60	9.95	9.92	9.92	0.4180	25.44	23.87
EQU	0	12/05/22	16:58:35	28.20	NaN	1014.00	149.58	444.54	3.11	31.07	1017.20	-0.96	2.61	86.83	29.00	317.13	9.95	9.92	9.93	0.4190	25.50	23.81
EQU	0	12/05/22	17:00:06	28.19	NaN	1073.60	159.59	444.45	3.11	31.09	1017.20	-0.37	2.52	96.10	29.00	329.95	9.95	9.92	9.93	0.4190	25.50	23.69
EQU	0	12/05/22	17:01:38	28.27	NaN	1130.60	169.36	449.29	3.15	31.20	1017.30	-0.93	2.95	83.63	29.00	327.93	9.95	9.92	9.90	0.4180	25.50	24.62
EQU	0	12/05/22	17:03:09	27.93	NaN	1191.90	180.04	456.29	3.21	31.31	1017.30	-1.09	3.13	84.21	29.00	313.37	9.95	9.92	9.42	0.3980	25.56	24.94
EQU-DRAIN	0	12/05/22	17:04:40	27.61	NaN	1312.20	201.56	461.54	3.26	31.46	1017.20	-0.72	3.14	90.89	29.00	290.49	9.96	9.92	9.10	0.3860	25.62	25.37
EQU	0	12/05/22	17:06:32	27.44	NaN	1498.50	236.32	457.62	3.22	31.55	1017.20	0.10	3.14	93.07	29.00	275.91	9.96	9.92	8.66	0.3680	25.75	25.62
ATM	0	12/05/22	17:11:20	27.86	NaN	2041.40	350.44	889.37	7.17	31.92	1017.20	-0.40	3.13	102.04	29.00	277.57	9.96	9.92	6.33	0.2710	26.06	26.25
ATM	0	12/05/22	17:12:46	27.97	NaN	2169.90	379.90	880.50	7.08	31.95	1017.20	-0.78	3.06	102.10	29.00	277.96	9.95	9.92	5.96	0.2560	26.12	26.50
ATM	0	12/05/22	17:14:13	27.96	NaN	2044.80	351.33	881.29	7.09	32.05	1017.20	-0.94	1.58	102.34	29.00	278.44	9.96	9.92	5.71	0.2460	26.19	26.37
EQU	0	12/05/22	17:19:34	28.43	NaN	1500.10	237.08	447.12	3.15	32.09	1017.00	-0.34	3.02	90.39	29.00	279.72	9.96	9.91	8.95	0.3770	26.31	24.69
EQU	0	12/05/22	17:21:05	28.25	NaN	1558.00	248.26	442.29	3.11	32.07	1017.00	-0.81	3.03	85.06	29.00	282.77	9.96	9.92	9.54	0.4020	26.31	24.37
EQU	0	12/05/22	17:22:35	28.25	NaN	1633.40	263.15	441.75	3.10	32.08	1016.90	-0.44	3.03	96.91	29.00	292.12	9.96	9.92	9.73	0.4080	26.37	24.31
EQU	0	12/05/22	17:24:05	28.29	NaN	1696.00	275.78	443.91	3.12	32.13	1017.00	-0.61	3.13	89.67	29.00	302.32	9.96	9.92	9.84	0.4130	26.37	24.37
EQU	0	12/05/22	17:25:36	28.28	NaN	1800.10	297.21	443.12	3.11	32.09	1017.00	-1.23	3.07	92.85	29.00	318.40	9.96	9.92	9.89	0.4150	26.37	24.31
EQU	0	12/05/22	17:27:07	28.24	NaN	1852.50	308.27	443.20	3.11	32.10	1017.00	-0.82	3.11	79.42	29.00	324.75	9.96	9.92	9.90	0.4160	26.31	24.25
EQU	0	12/05/22	17:28:37	28.05	NaN	1982.40	336.36	439.62	3.09	32.06	1017.00	-1.04	3.08	109.05	29.00	341.09	9.96	9.92	9.92	0.4170	26.31	24.19
EQU	0	12/05/22	17:30:07	27.97	NaN	2166.10	378.00	439.83	3.09	32.09	1017.00	-0.42	2.97	89.61	29.00	341.53	9.96	9.92	9.93	0.4160	26.31	24.19
EQU	0	12/05/22	17:31:38	27.98	NaN	2249.80	397.66	441.54	3.10	32.04	1016.90	-0.96	2.99	74.65	29.00	339.36	9.96	9.92	9.93	0.4170	26.31	24.12
EQU	0	12/05/22	17:33:08	27.94	NaN	2288.40	406.88	438.95	3.08	32.03	1017.00	-0.90	3.01	88.63	29.00	336.48	9.96	9.92	9.93	0.4170	26.31	23.94
EQU-DRAIN	0	12/05/22	17:34:39	27.87	NaN	2308.30	411.66	438.54	3.08	31.99	1016.90	-0.72	3.03	91.61	29.00	333.21	9.96	9.93	9.94	0.4170	26.25	23.81
EQU	0	12/05/22	17:36:30	27.92	NaN	2316.50	413.64	437.79	3.07	32.00	1016.90	-1.12	3.00	102.16	29.00	333.54	9.96	9.93	9.94	0.4170	26.25	23.81
EQU	0	12/05/22	17:38:01	27.97	NaN	2326.20	415.99	439.25	3.08	31.99	1016.90	-0.43	3.00	90.50	29.00	330.10	9.96	9.93	9.94	0.4160	26.19	23.75
EQU	0	12/05/22	17:39:32	27.99	NaN	2295.90	408.55	439.58	3.08	31.92	1016.90	-0.67	2.73	89.17	29.00	346.76	9.96	9.93	9.94	0.4170	26.19	23.69
EQU	0	12/05/22	17:41:02	28.00	NaN	2337.90	418.75	437.20	3.06	31.93	1016.90	-2.29	3.01	102.04	29.00	348.07	9.96	9.93	9.94	0.4160	26.19	23.81
EQU	0	12/05/22	17:42:32	28.02	NaN	2338.60	418.93	441.45	3.10	31.94	1016.90	-0.75	3.03	90.83	29.00	323.22	9.96	9.93	9.93	0.4160	26.12	23.94
EQU	0	12/05/22	17:44:03	28.05	NaN	2343.10	420.12	446.45	3.14	31.98	1016.90	-1.02	2.98	97.72	29.00	297.51	9.96	9.93	9.92	0.4170	26.19	24.37
EQU	0	12/05/22	17:45:33	28.05	NaN	2348.70	421.64	453.70	3.20	32.08	1016.90	-0.46	3.01	89.34	29.00	283.66	9.96	9.93	9.91	0.4160	26.19	25.06
EQU	0	12/05/22	17:47:04	28.08	NaN	2351.90	422.68	460.87	3.26	32.27	1017.00	-0.67	2.93	90.17	29.00	281.77	9.96	9.93	9.85	0.4130	26.25	25.62
EQU	0	12/05/22	17:48:34	28.09	NaN	2351.50	422.56	461.12	3.26	32.24	1016.90	-1.11	2.92	86.13	29.00	280.55	9.96	9.93	9.85	0.4130	26.31	25.31
EQU	0	12/05/22	17:50:05	28.11	NaN	2351.60	422.60	454.20	3.21	32.24	1016.90	-0.81	2.50	95.01	29.00	280.42	9.96	9.93	9.87	0.4140	26.37	24.94
EQU	0	12/05/22	17:51:35	28.19	NaN	2356.60	423.78	450.91	3.18	32.23	1016.90	-1.14	2.98	90.78	29.00	281.48	9.96	9.93	9.89	0.4140	26.37	24.87
EQU	0	12/05/22	17:53:06	28.16	NaN	2360.30	424.73	448.95	3.16	32.26	1016.90	-1.74	2.99	85.97	29.00	283.12	9.96	9.93	9.90	0.4150	26.44	24.87
EQU	0	12/05/22	17:54:36	28.14	NaN	2361.70	425.06	446.04	3.14	32.24	1016.90	-0.78	2.99	90.44	29.00	292.46	9.96	9.93	9.92	0.4160	26.44	24.69
EQU	0	12/05/22	17:56:07	28.16	NaN	2361.10	424.86	446.45	3.14	32.25	1017.00	-0.34	3.03	90.44	29.00	299.47	9.96	9.93	9.91	0.4150	26.44	24.50
EQU	0	12/05/22	17:57:37	28.15	NaN	2364.30	425.73	444.33	3.13	32.26	1016.90	-1.30	3.00	122.01	29.00	315.21	9.96	9.93	9.92	0.4150	26.44	24.50
EQU	0	12/05/22	17:59:08	28.13	NaN	2363.80	425.52	438.83	3.08	32.22	1016.90	-0.62	3.01	89.06	29.00	329.30	9.96	9.93	9.93	0.4150	26.44	24.37
EQU	0	12/05/22	18:00:38	28.15	NaN	2363.50	425.36	438.95	3.08	32.15	1016.90	-0.31	3.02	98.25	29.00	340.29	9.96	9.93	9.93	0.4160	26.44	24.19
EQU	0	12/05/22	18:02:09	28.18	NaN	2365.20	425.84	437.95	3.07	32.17	1016.80	-0.49	3.03	90.33	29.00	349.53	9.96	9.93	9.94	0.4160	26.37	23.94
EQU	0	12/05/22	18:03:39	28.17	NaN	2367.50	426.36	437.54	3.07	32.15	1016.80	-1.04	3.01	104.22	29.00	352.43	9.96	9.93	9.94	0.4170	26.37	23.87
EQU-DRAIN	0	12/05/22	18:05:09	28.20	NaN	2366.70	426.13	435.33	3.05	32.12	1016.80	-0.99	3.01	91.50	29.00	358.02	9.96	9.93	9.94	0.4160	26.37	23.69
EQU	0	12/05/22	18:07:01	28.24	NaN	2365.30	425.65	433.54	3.04	32.03	1016.80	-0.77	3.01	93.07	29.00	356.47	9.96	9.93	9.94	0.4170	26.31	23.56
EQU	0	12/05/22	18:08:32	28.29	NaN	2359.30	424.21	434.29	3.04	32.02	1016.70	-0.40	3.01	89.17	29.00	353.58	9.96	9.93	9.95	0.4160	26.25	23.37
EQU	0	12/05/22	18:10:02	28.30	NaN	2375.00	428.08	433.25	3.03	32.02	1016.70	-0.84	3.00	89.67	29.00	346.17	9.96	9.93	9.95	0.4160	26.25	23.50
EQU	0	12/05/22	18:11:32	28.30	NaN	2376.60	428.46	435.91	3.06	32.02	1016.70	-0.66	3.01	91.56	29.00	327.53	9.96	9.93	9.94	0.4160	26.19	23.87
EQU	0	12/05/22	18:13:03	28.31	NaN	2379.30	429.25	440.50	3.09	32.08	1016.70	-0.34	3.01	91.56	29.00	299.10	9.96	9.93	9.94	0.4170	26.19	24.44
EQU	0	12/05/22	18:14:34	28.32	NaN	2380.70	429.82	449.04	3.16	32.19	1016.60	-0.98	3.02	90.33	29.00	287.96	9.96	9.93	9.92	0.4160	26.31	25.00
EQU	0	12/05/22	18:16:04	28.31	NaN	2383.80	430.74	455.12	3.21	32.31	1016.70	0.37	3.03	88.63	29.00	283.48	9.96	9.93	9.91	0.4150	26.31	25.44
EQU	0	12/05/22	18:17:35	28.35	NaN	2386.30	431.55	458.33	3.24	32.41	1016.60	-0.58	3.01	91.39	29.00	281.60	9.96	9.93	9.90	0.4140	26.44	25.81
EQU	0	12/05/22	18:19:05	28.35	NaN	2386.00	431.60	458.70	3.25	32.49	1016.60	-0.54	2.98	92.34	29.00	280.74	9.96	9.93	9.89	0.4140	26.50	25.94
EQU	0	12/05/22	18:20:36	28.37	NaN	2385.80	431.72	458.50	3.24	32.60	1016.60	-0.28	3.01	91.22	29.00	280.46	9.96	9.93	9.89	0.4140	26.56	26.12
EQU	0	12/05/22	18:22:06	28.33	NaN	2385.20	431.80	459.16	3.25	32.74	1016.50	-0.62	2.99	89.45	29.00	280.25	9.96	9.93	9.87	0.4130	26.69	26.37
EQU	0	12/05/22	18:23:37	28.35	NaN	2386.00	432.22	461.00	3.27	32.90	1016.60	-1.02	2.96	84.21	29.00	279.99	9.96	9.93	9.86	0.4130	26.81	26.69
EQU	0	12/05/22	18:25:07	28.30	NaN	2385.60	432.17	459.29	3.25	32.92	1016.50	-0.52	3.00	90.78	29.00	279.79	9.96	9.93	9.87	0.4130	26.87	26.44
EQU	0	12/05/22	18:26:38	28.27	NaN	2385.80	432.23	450.83	3.19	32.96	1016.50	-0.61	2.98	89.45	29.00	280.65	9.96	9.93	9.90	0.4150	26.87	25.94
EQU	0	12/05/22	18:28:08	28.27	NaN	2387.60	432.57	445.33	3.14	32.91	1016.60	-1.00	2.99	91.44	29.00	286.20	9.96	9.93	9.92	0.4150	26.94	25.62
EQU	0	12/05/22	18:29:38	28.24	NaN	2387.20	432.55	442.75	3.12	32.96	1016.60	-0.53	3.01	88.24	29.00	307.28	9.96	9.93	9.93	0.4150	27.00	25.25
EQU	0	12/05/22	18:31:09	28.25	NaN	2385.80	432.11	442.33	3.12	32.91	1016.60	-0.86	3.01	90.83	29.00	326.99	9.96	9.93	9.94	0.4160	27.00	25.06
EQU	0	12/05/22	18:32:39	28.28	NaN	2389.80	433.15	440.83	3.11	32.93	1016.60	-1.02	2.96	88.46	29.00	349.85	9.96	9.93	9.94	0.4160	27.00	24.87
EQU	0	12/05/22	18:34:10	28.31	NaN	2390.50	433.29	440.00	3.10	32.89	1016.50	-0.57	2.87	88.35	29.00	377.63	9.96	9.93	9.94	0.4160	27.00	24.81
EQU-DRAIN	0	12/05/22	18:35:40	28.37	NaN	2392.70	433.78	437.95	3.08	32.85	1016.50	-0.61	2.85	89.23	29.00	396.71	9.96	9.93	9.94	0.4150	27.00	24.69
EQU	0	12/05/22	18:37:32	28.40	NaN	2391.60	433.47	437.04	3.07	32.87	1016.60	-0.76	2.82	90.72	29.00	399.80	9.96	9.93	9.95	0.4160	26.94	24.69
EQU	0	12/05/22	18:39:02	28.41	NaN	2394.80	434.32	441.66	3.11	32.86	1016.50	-0.29	2.80	90.33	29.00	381.37	9.96	9.93	9.94	0.4150	26.94	25.06
EQU	0	12/05/22	18:40:33	28.43	NaN	2400.10	435.82	447.20	3.16	32.99	1016.50	-0.50	1.96	90.00	29.00	371.32	9.96	9.93	9.93	0.4150	27.00	25.62
EQU	0	12/05/22	18:42:04	28.51	NaN	2396.20	435.02	453.16	3.21	33.10	1016.50	-0.65	2.83	90.50	29.00	342.27	9.96	9.93	9.92	0.4150	27.00	26.12
EQU	0	12/05/22	18:43:34	28.49	NaN	2391.50	434.07	456.41	3.23	33.25	1016.50	-0.45	2.82	89.56	29.00	281.71	9.96	9.93	9.91	0.4150	27.12	26.50
EQU	0	12/05/22	18:45:05	28.55	NaN	2376.10	430.42	457.83	3.25	33.36	1016.50	-0.84	2.87	85.54	29.00	220.82	9.96	9.93	9.91	0.4150	27.19	26.81
EQU	0	12/05/22	18:46:35	28.53	NaN	2343.70	422.47	456.83	3.24	33.37	1016.40	-0.65	2.80	90.17	29.00	216.24	9.96	9.93	9.90	0.4140	27.31	26.69
EQU	0	12/05/22	18:48:06	28.62	NaN	2302.30	412.42	450.87	3.19	33.42	1016.50	-0.28	2.90	89.06	29.00	216.98	9.96	9.93	9.92	0.4140	27.31	26.25
EQU	0	12/05/22	18:49:36	28.59	NaN	2251.80	400.22	444.87	3.14	33.42	1016.40	-0.51	2.89	88.57	29.00	224.77	9.96	9.93	9.93	0.4150	27.37	25.87
STD1	0	12/05/22	18:54:23	28.65	0.00	-49.33	-6.67	13.08	0.08	33.36	1016.40	-0.25	2.83	64.52	29.00	280.08	9.96	9.93	9.95	0.4150	27.37	25.12
STD1	0	12/05/22	18:55:50	28.66	0.00	-49.72	-6.72	11.00	0.07	33.33	1016.30	-0.01	2.85	64.48	29.00	270.06	9.96	9.93	9.95	0.4160	27.31	25.00
STD1	0	12/05/22	18:57:16	28.75	0.00	-49.92	-6.75	9.87	0.06	33.30	1016.30	-0.58	2.85	64.21	29.00	285.69	9.96	9.93	9.95	0.4160	27.31	25.00
STD2	0	12/05/22	19:02:03	28.96	608.37	2968.40	588.16	12.21	0.07	33.26	1016.30	-0.70	2.83	65.44	29.00	236.94	9.96	9.93	9.95	0.4160	27.31	24.81
STD2	0	12/05/22	19:03:29	28.96	608.37	2968.40	588.14	14.46	0.09	33.26	1016.30	-0.37	2.79	65.25	29.00	231.09	9.96	9.93	9.94	0.4140	27.31	25.00
STD2-DRAIN	0	12/05/22	19:04:56	29.03	608.37	2968.40	588.31	15.04	0.09	33.34	1016.30	-0.04	2.85	64.75	29.00	227.57	9.96	9.93	9.94	0.4150	27.31	25.62
STD3	0	12/05/22	19:10:03	28.85	1514.51	4938.10	1314.00	11.83	0.07	33.64	1016.30	-0.57	2.84	65.39	29.00	218.76	9.96	9.93	9.92	0.4140	27.50	26.62
STD3	0	12/05/22	19:11:30	28.85	1514.51	4974.00	1330.10	13.79	0.08	33.62	1016.30	0.06	2.92	64.93	29.00	220.71	9.96	9.93	9.92	0.4140	27.50	26.37
STD3	0	12/05/22	19:12:56	28.90	1514.51	4950.10	1319.50	13.87	0.08	33.64	1016.20	-0.54	2.93	65.12	29.00	222.50	9.96	9.93	9.94	0.4140	27.56	25.87
STD1z	0	12/05/22	19:17:46	28.93	0.00	-47.47	-6.42	7.67	0.05	33.62	1016.30	-1.00	2.92	64.30	29.00	240.30	9.96	9.93	9.95	0.4150	27.56	25.37
STD3s	0	12/05/22	19:22:38	29.03	0.00	4955.50	1343.30	8.00	0.05	33.54	1016.20	-1.82	2.92	64.75	29.00	241.02	9.96	9.93	9.95	0.4160	27.50	25.06
STD1	0	12/05/22	19:27:25	29.31	0.00	-47.40	0.01	6.83	0.04	33.47	1016.10	-0.56	2.85	64.75	29.00	318.00	9.96	9.93	9.95	0.4150	27.37	24.87
STD1	0	12/05/22	19:28:52	29.30	0.00	-47.92	-0.06	6.71	0.04	33.47	1016.10	-0.43	2.86	64.52	29.00	291.16	9.96	9.93	9.95	0.4140	27.37	25.31
STD1	0	12/05/22	19:30:18	29.39	0.00	-48.65	-0.17	6.46	0.04	33.57	1016.00	-0.68	2.87	64.39	29.00	241.22	9.96	9.93	9.94	0.4150	27.44	25.94
STD2-DRAIN	0	12/05/22	19:35:05	29.68	608.37	2962.80	667.08	8.67	0.05	33.79	1016.00	-0.51	2.91	66.63	29.00	211.65	9.96	9.93	9.94	0.4140	27.56	26.62
STD2	0	12/05/22	19:36:53	29.63	608.37	2963.10	667.18	10.37	0.06	33.78	1016.00	-0.20	2.96	66.36	29.00	212.39	9.96	9.93	9.94	0.4140	27.62	26.19
STD2	0	12/05/22	19:38:20	29.62	608.37	2966.60	668.35	11.92	0.07	33.77	1015.90	-0.25	2.98	65.67	29.00	213.52	9.96	9.93	9.94	0.4140	27.56	25.94
STD3	0	12/05/22	19:43:07	29.73	1514.51	4964.00	1520.60	8.25	0.05	33.75	1015.90	-0.06	2.98	64.61	29.00	348.56	9.96	9.93	9.95	0.4150	27.62	25.19
STD3	0	12/05/22	19:44:33	29.79	1514.51	4976.20	1526.90	11.04	0.07	33.70	1015.90	-0.69	3.00	64.75	29.00	342.44	9.96	9.93	9.95	0.4160	27.56	25.12
STD3	0	12/05/22	19:46:00	29.76	1514.51	4967.30	1522.40	11.42	0.07	33.74	1015.90	-0.45	2.99	64.61	29.00	342.95	9.96	9.93	9.95	0.4160	27.56	25.37
ATM	0	12/05/22	19:50:46	29.88	NaN	2032.70	396.72	842.79	6.75	33.56	1015.90	-1.11	3.04	101.86	29.00	351.25	9.96	9.93	9.95	0.4160	27.50	24.62
ATM	0	12/05/22	19:52:13	29.83	NaN	2029.00	395.81	844.45	6.77	33.60	1015.90	0.14	3.06	102.04	29.00	351.66	9.96	9.93	9.95	0.4160	27.50	24.56
ATM	0	12/05/22	19:53:41	29.82	NaN	2029.40	395.94	840.79	6.73	33.59	1015.80	-0.70	3.02	101.62	29.00	356.63	9.96	9.93	9.95	0.4160	27.44	24.44
EQU	0	12/05/22	19:59:05	29.71	NaN	1697.80	314.04	440.58	3.11	33.43	1015.90	-0.72	2.94	91.00	29.00	356.17	9.96	9.93	9.95	0.4150	27.37	24.75
EQU	0	12/05/22	20:00:35	29.65	NaN	1700.20	314.60	437.66	3.09	33.42	1015.70	-0.73	2.96	90.39	29.00	356.26	9.96	9.93	9.95	0.4160	27.37	25.12
EQU	0	12/05/22	20:02:06	29.61	NaN	1682.60	310.71	441.33	3.12	33.53	1015.70	0.28	3.01	91.39	29.00	355.30	9.96	9.93	9.94	0.4160	27.37	25.81
EQU	0	12/05/22	20:03:36	29.60	NaN	1649.50	303.30	447.50	3.17	33.65	1015.60	-0.30	3.02	92.51	29.00	355.27	9.96	9.93	9.94	0.4150	27.44	26.37
EQU	0	12/05/22	20:05:07	29.49	NaN	1611.40	294.72	449.70	3.19	33.67	1015.60	-0.22	3.01	92.57	29.00	351.33	9.96	9.93	9.94	0.4150	27.50	26.44
EQU-DRAIN	0	12/05/22	20:06:37	29.99	NaN	1609.20	294.26	443.08	3.13	33.70	1015.60	-0.37	3.01	90.83	29.00	346.71	9.96	9.93	9.94	0.4150	27.50	26.00
EQU	0	12/05/22	20:08:28	30.18	NaN	1553.60	281.84	435.91	3.08	33.67	1015.50	-0.46	2.96	91.56	29.00	310.11	9.96	9.93	9.95	0.4150	27.56	25.44
EQU	0	12/05/22	20:09:59	30.44	NaN	1418.60	252.73	433.79	3.06	33.70	1015.50	-0.40	2.95	93.41	29.00	311.80	9.96	9.93	9.95	0.4150	27.56	25.25
EQU	0	12/05/22	20:11:29	30.69	NaN	1226.00	213.15	433.62	3.06	33.67	1015.60	-0.55	3.01	92.00	29.00	297.06	9.96	9.93	9.95	0.4150	27.56	25.12
EQU	0	12/05/22	20:13:00	30.82	NaN	1076.50	184.04	431.41	3.04	33.61	1015.60	-0.45	3.03	92.34	29.00	331.06	9.96	9.93	9.95	0.4150	27.56	25.12
EQU	0	12/05/22	20:14:30	30.79	NaN	1041.60	177.55	433.79	3.06	33.71	1015.40	-0.25	3.03	91.17	29.00	330.97	9.96	9.93	9.95	0.4150	27.56	25.44
EQU	0	12/05/22	20:16:01	30.85	NaN	1079.20	184.66	435.70	3.08	33.68	1015.30	-0.20	3.05	91.61	29.00	317.42	9.96	9.93	9.95	0.4150	27.56	25.19
EQU	0	12/05/22	20:17:32	30.77	NaN	1084.30	185.61	435.66	3.07	33.65	1015.30	-0.26	3.06	90.78	29.00	288.25	9.96	9.93	9.95	0.4150	27.62	25.12
EQU	0	12/05/22	20:19:02	30.78	NaN	1048.80	178.85	431.50	3.04	33.61	1015.30	-0.62	3.05	91.22	29.00	259.82	9.96	9.93	9.95	0.4150	27.62	24.87
EQU	0	12/05/22	20:20:32	30.80	NaN	985.07	166.96	429.79	3.03	33.62	1015.30	-0.38	3.05	90.28	29.00	258.12	9.96	9.93	9.95	0.4160	27.62	24.81
EQU	0	12/05/22	20:22:03	30.77	NaN	936.90	158.11	427.75	3.01	33.60	1015.30	-0.55	3.04	91.78	29.00	263.70	9.96	9.93	9.95	0.4160	27.62	24.75
EQU	0	12/05/22	20:23:33	30.71	NaN	891.90	149.96	426.16	3.00	33.56	1015.20	-0.47	3.03	91.95	29.00	258.10	9.96	9.93	9.95	0.4160	27.62	24.62
EQU	0	12/05/22	20:25:04	30.61	NaN	846.25	141.83	425.41	2.99	33.59	1015.20	-0.46	3.06	92.00	29.00	283.16	9.96	9.93	9.95	0.4160	27.56	24.62
EQU	0	12/05/22	20:26:34	30.57	NaN	814.57	136.22	427.29	3.01	33.54	1015.20	-0.34	3.05	91.61	29.00	296.01	9.96	9.93	9.95	0.4160	27.56	24.56
EQU	0	12/05/22	20:28:05	30.70	NaN	856.62	143.65	425.54	2.99	33.54	1015.20	-0.28	3.06	91.56	29.00	312.24	9.96	9.93	9.95	0.4160	27.56	24.56
EQU	0	12/05/22	20:29:35	31.14	NaN	1032.40	175.73	425.37	2.99	33.48	1015.10	-0.43	3.06	92.28	29.00	314.58	9.96	9.93	9.95	0.4160	27.56	24.56
EQU	0	12/05/22	20:31:06	30.97	NaN	1110.30	190.51	426.16	3.00	33.49	1015.10	-0.42	3.04	91.61	29.00	341.49	9.96	9.92	9.95	0.4150	27.56	24.69
EQU	0	12/05/22	20:32:36	31.14	NaN	1107.70	189.97	425.45	2.99	33.42	1015.10	-0.49	3.06	92.73	29.00	347.27	9.96	9.93	9.95	0.4150	27.56	24.75
EQU	0	12/05/22	20:34:07	31.14	NaN	1072.00	183.16	424.12	2.98	33.44	1015.20	-0.64	3.00	92.40	29.00	346.52	9.96	9.93	9.95	0.4150	27.56	24.75
EQU	0	12/05/22	20:35:37	31.22	NaN	1035.00	176.18	422.62	2.97	33.42	1015.10	-0.67	3.01	92.85	29.00	346.59	9.96	9.93	9.95	0.4150	27.50	25.06
EQU-DRAIN	0	12/05/22	20:37:08	31.25	NaN	1061.20	181.14	424.04	2.98	33.44	1015.10	-0.40	3.00	88.08	29.00	346.49	9.96	9.93	9.95	0.4160	27.56	25.00
EQU	0	12/05/22	20:38:59	31.32	NaN	1109.10	190.26	425.54	2.99	33.42	1015.10	0.25	3.05	91.00	29.00	346.18	9.96	9.93	9.95	0.4150	27.56	25.00
EQU	0	12/05/22	20:40:30	31.32	NaN	1133.90	195.02	426.45	3.00	33.41	1015.10	-0.36	3.06	91.95	29.00	344.81	9.96	9.93	9.95	0.4150	27.56	25.12
EQU	0	12/05/22	20:42:00	31.06	NaN	1131.80	194.61	428.62	3.02	33.37	1015.00	-0.26	3.06	89.56	29.00	343.53	9.96	9.93	9.95	0.4150	27.56	24.94
EQU	0	12/05/22	20:43:31	31.16	NaN	1103.20	189.14	430.62	3.03	33.41	1015.00	-0.44	3.06	91.67	29.00	342.87	9.96	9.93	9.95	0.4150	27.56	25.25
EQU	0	12/05/22	20:45:02	31.11	NaN	1075.80	184.03	436.12	3.08	33.56	1015.00	-0.67	3.06	92.68	29.00	289.95	9.96	9.93	9.95	0.4150	27.62	26.06
EQU	0	12/05/22	20:46:32	31.15	NaN	1048.50	178.93	441.37	3.12	33.68	1014.90	0.23	3.06	92.79	29.00	236.13	9.96	9.93	9.94	0.4140	27.62	26.75
EQU	0	12/05/22	20:48:02	31.19	NaN	1022.70	174.13	442.95	3.14	33.74	1014.90	0.07	3.00	90.50	29.00	208.88	9.96	9.93	9.93	0.4140	27.69	26.94
EQU	0	12/05/22	20:49:33	31.21	NaN	1014.00	172.50	438.00	3.10	33.74	1014.90	-0.67	3.04	92.17	29.00	208.14	9.96	9.93	9.94	0.4150	27.81	26.44
EQU	0	12/05/22	20:51:03	31.18	NaN	1006.70	171.14	430.00	3.03	33.77	1014.90	-0.42	3.05	92.73	29.00	208.07	9.96	9.93	9.94	0.4140	27.81	26.25
EQU	0	12/05/22	20:52:34	31.20	NaN	1001.20	170.12	428.08	3.02	33.79	1014.90	-0.34	3.03	95.64	29.00	208.71	9.96	9.93	9.94	0.4150	27.81	26.06
EQU	0	12/05/22	20:54:04	31.15	NaN	997.37	169.39	425.20	2.99	33.77	1014.90	-0.24	2.97	92.85	29.00	209.71	9.96	9.93	9.95	0.4150	27.87	25.87
EQU	0	12/05/22	20:55:35	31.01	NaN	996.77	169.28	423.20	2.98	33.77	1014.90	-0.53	3.02	92.51	29.00	212.84	9.96	9.93	9.95	0.4160	27.87	25.69
EQU	0	12/05/22	20:57:05	30.88	NaN	1003.80	170.63	422.70	2.97	33.81	1014.90	-0.10	3.05	91.28	29.00	221.02	9.96	9.93	9.95	0.4150	27.87	25.69
EQU	0	12/05/22	20:58:36	30.93	NaN	992.10	168.44	421.79	2.97	33.78	1014.80	-0.64	3.06	91.44	29.00	231.46	9.96	9.93	9.95	0.4160	27.87	25.87
EQU	0	12/05/22	21:00:06	30.79	NaN	976.65	165.57	419.83	2.95	33.78	1014.80	-0.75	3.06	92.85	29.00	229.59	9.96	9.93	9.95	0.4160	27.94	25.75
EQU	0	12/05/22	21:01:37	30.64	NaN	976.90	165.60	419.79	2.95	33.74	1014.80	-0.55	3.07	91.00	29.00	228.61	9.96	9.93	9.95	0.4160	27.87	25.69
EQU	0	12/05/22	21:03:07	30.80	NaN	976.75	165.57	416.87	2.93	33.74	1014.80	-0.26	3.05	92.51	29.00	229.73	9.96	9.93	9.95	0.4160	27.87	25.56
EQU	0	12/05/22	21:04:38	31.03	NaN	1003.40	170.54	414.95	2.91	33.76	1014.70	-0.18	3.08	92.51	29.00	240.37	9.96	9.93	9.95	0.4150	27.87	25.50
EQU	0	12/05/22	21:06:08	31.24	NaN	1024.20	174.41	413.70	2.90	33.72	1014.70	-0.47	3.06	91.78	29.00	247.90	9.96	9.93	9.95	0.4160	27.87	25.37
EQU-DRAIN	0	12/05/22	21:07:39	31.22	NaN	1033.00	176.04	412.37	2.89	33.67	1014.60	-0.65	3.00	81.17	29.00	246.95	9.96	9.93	9.95	0.4150	27.87	25.31
EQU	0	12/05/22	21:09:30	31.32	NaN	1065.50	182.16	409.95	2.87	33.67	1014.60	-0.49	3.00	92.28	29.00	250.93	9.96	9.93	9.95	0.4150	27.87	25.31
EQU	0	12/05/22	21:11:01	31.34	NaN	1064.50	181.95	410.70	2.88	33.59	1014.60	0.04	3.04	92.00	29.00	246.15	9.96	9.93	9.95	0.4150	27.81	25.37
EQU	0	12/05/22	21:12:31	31.38	NaN	1059.50	180.99	411.79	2.89	33.56	1014.50	-0.42	3.05	91.89	29.00	253.74	9.96	9.93	9.95	0.4140	27.81	25.31
EQU	0	12/05/22	21:14:02	31.21	NaN	1067.10	182.40	412.62	2.89	33.52	1014.50	-0.46	3.06	92.45	29.00	239.42	9.96	9.93	9.95	0.4140	27.81	25.19
EQU	0	12/05/22	21:15:32	31.16	NaN	1059.80	180.99	410.66	2.88	33.50	1014.60	-0.42	2.95	91.84	29.00	227.08	9.96	9.93	9.95	0.4160	27.75	25.37
EQU	0	12/05/22	21:17:02	31.28	NaN	1075.60	184.00	410.16	2.87	33.50	1014.50	-0.16	3.01	91.00	29.00	218.33	9.96	9.93	9.95	0.4150	27.75	25.31
EQU	0	12/05/22	21:18:33	31.12	NaN	1139.70	196.32	408.95	2.86	33.51	1014.50	-0.61	3.03	91.05	29.00	218.38	9.96	9.93	9.95	0.4150	27.75	25.44
EQU	0	12/05/22	21:20:04	30.97	NaN	1180.80	204.28	408.00	2.85	33.44	1014.50	-0.32	3.04	95.41	29.00	230.12	9.96	9.93	9.95	0.4160	27.69	25.37
EQU	0	12/05/22	21:21:34	30.99	NaN	1214.60	210.93	405.75	2.84	33.41	1014.50	0.16	3.02	92.00	29.00	234.06	9.96	9.93	9.95	0.4160	27.69	25.44
EQU	0	12/05/22	21:23:05	30.88	NaN	1209.20	209.85	403.29	2.82	33.41	1014.60	-0.42	3.06	92.68	29.00	238.51	9.96	9.93	9.95	0.4160	27.69	25.31
EQU	0	12/05/22	21:24:35	31.08	NaN	1207.30	209.42	402.29	2.81	33.36	1014.60	-0.89	3.07	91.78	29.00	227.88	9.96	9.93	9.95	0.4160	27.62	25.25
EQU	0	12/05/22	21:26:06	31.33	NaN	1193.80	206.79	401.12	2.80	33.40	1014.60	-0.45	3.07	89.50	29.00	219.28	9.96	9.93	9.95	0.4150	27.62	25.19
EQU	0	12/05/22	21:27:36	31.38	NaN	1175.20	203.08	397.95	2.77	33.31	1014.60	-0.33	3.08	92.45	29.00	219.48	9.96	9.93	9.95	0.4160	27.56	25.12
EQU	0	12/05/22	21:29:07	31.36	NaN	1179.50	203.90	395.12	2.75	33.27	1014.50	-0.81	3.07	94.72	29.00	260.91	9.96	9.93	9.95	0.4150	27.56	25.12
ATM	0	12/05/22	21:33:54	31.13	NaN	1994.60	387.25	785.54	6.19	33.30	1014.40	-0.26	3.07	102.28	29.00	211.35	9.96	9.93	9.95	0.4160	27.50	25.62
ATM	0	12/05/22	21:35:21	31.20	NaN	2015.00	392.59	801.50	6.34	33.35	1014.30	-0.49	3.06	102.59	29.00	209.31	9.96	9.93	9.94	0.4150	27.50	26.25
ATM	0	12/05/22	21:36:47	31.05	NaN	2013.00	392.24	810.08	6.43	33.46	1014.30	-0.34	3.07	102.53	29.00	208.66	9.96	9.93	9.94	0.4140	27.56	26.69
EQU-DRAIN	0	12/05/22	21:42:09	31.02	NaN	1148.80	198.09	405.16	2.83	33.45	1014.30	0.06	3.07	91.89	29.00	209.56	9.96	9.92	9.95	0.4150	27.62	25.81
EQU	0	12/05/22	21:43:59	30.84	NaN	1102.10	189.06	406.08	2.84	33.41	1014.20	-0.48	3.07	87.37	29.00	216.56	9.96	9.92	9.95	0.4140	27.62	25.62
EQU	0	12/05/22	21:45:30	30.67	NaN	1070.30	182.97	403.45	2.82	33.35	1014.10	-0.37	2.97	92.23	29.00	233.18	9.96	9.92	9.95	0.4150	27.62	25.50
EQU	0	12/05/22	21:47:01	30.66	NaN	1028.10	175.00	403.12	2.82	33.35	1014.30	-0.49	3.01	91.22	29.00	247.35	9.96	9.92	9.95	0.4160	27.56	25.37
EQU	0	12/05/22	21:48:31	30.39	NaN	1035.60	176.39	402.54	2.81	33.34	1014.30	-0.49	3.05	91.50	29.00	253.90	9.96	9.92	9.95	0.4150	27.56	25.44
EQU	0	12/05/22	21:50:02	30.34	NaN	1013.60	172.31	408.16	2.86	33.33	1014.10	-0.47	3.05	91.33	29.00	233.12	9.96	9.92	9.95	0.4160	27.56	25.62
EQU	0	12/05/22	21:51:32	30.41	NaN	939.07	158.56	411.83	2.88	33.33	1014.10	-0.05	3.05	92.12	29.00	219.60	9.96	9.92	9.95	0.4150	27.50	25.69
EQU	0	12/05/22	21:53:03	30.81	NaN	880.52	147.98	412.50	2.89	33.33	1014.10	-0.35	3.06	91.61	29.00	210.65	9.96	9.92	9.95	0.4160	27.50	25.69
EQU	0	12/05/22	21:54:33	31.05	NaN	808.40	135.17	411.41	2.88	33.28	1014.10	-0.81	3.07	92.40	29.00	211.75	9.96	9.91	9.95	0.4150	27.50	25.56
EQU	0	12/05/22	21:56:04	30.98	NaN	906.50	152.65	413.29	2.90	33.31	1014.10	-0.45	2.99	92.17	29.00	215.08	9.96	9.91	9.95	0.4150	27.50	25.50
EQU	0	12/05/22	21:57:34	30.94	NaN	1028.60	175.12	415.62	2.91	33.32	1014.10	-0.49	3.00	90.83	29.00	229.16	9.96	9.91	9.95	0.4150	27.44	25.50
EQU	0	12/05/22	21:59:04	30.92	NaN	1059.70	180.96	416.66	2.92	33.29	1014.00	-0.58	3.03	85.97	29.00	236.64	9.96	9.90	9.95	0.4160	27.50	25.44
EQU	0	12/05/22	22:00:35	30.92	NaN	1079.20	184.64	417.83	2.93	33.25	1014.00	-0.19	3.05	93.13	29.00	240.17	9.96	9.89	9.95	0.4150	27.44	25.50
EQU	0	12/05/22	22:02:05	30.80	NaN	1094.10	187.49	420.00	2.95	33.24	1014.00	-0.52	3.04	91.05	29.00	238.40	9.96	9.87	9.95	0.4150	27.44	25.50
EQU	0	12/05/22	22:03:36	30.64	NaN	1107.40	190.03	421.45	2.96	33.21	1014.00	-0.53	3.06	91.22	29.00	241.25	9.96	9.86	9.95	0.4150	27.44	25.50
EQU	0	12/05/22	22:05:07	30.56	NaN	1100.50	188.69	418.54	2.94	33.18	1014.00	-0.37	3.05	76.59	29.00	240.89	9.96	9.85	9.95	0.4160	27.44	25.37
EQU	0	12/05/22	22:06:37	30.55	NaN	1085.60	185.84	419.45	2.94	33.17	1014.00	-0.15	3.05	89.28	29.00	275.80	9.96	9.87	9.95	0.4150	27.37	25.37
EQU	0	12/05/22	22:08:07	30.54	NaN	1074.10	183.65	417.25	2.93	33.18	1013.90	-0.66	3.07	91.84	29.00	306.00	9.96	9.89	9.95	0.4150	27.37	25.31
EQU-DRAIN	0	12/05/22	22:09:38	30.52	NaN	1067.90	182.48	420.50	2.95	33.17	1013.90	-0.90	3.07	92.00	29.00	342.10	9.96	9.90	9.95	0.4160	27.37	25.31
EQU	0	12/05/22	22:11:29	30.49	NaN	1038.50	176.90	417.95	2.93	33.13	1013.90	-0.47	3.07	93.02	29.00	343.89	9.96	9.91	9.95	0.4160	27.31	25.25
EQU	0	12/05/22	22:13:00	30.57	NaN	1026.70	174.70	418.37	2.94	33.10	1013.80	-0.49	3.08	91.44	29.00	345.25	9.96	9.91	9.95	0.4160	27.31	25.31
EQU	0	12/05/22	22:14:30	30.49	NaN	1032.30	175.74	417.79	2.93	33.11	1013.80	-0.45	3.06	92.12	29.00	344.51	9.96	9.91	9.95	0.4160	27.31	25.37
EQU	0	12/05/22	22:16:01	30.48	NaN	1044.30	177.99	418.62	2.94	33.05	1013.80	-0.63	3.06	90.89	29.00	344.47	9.96	9.91	9.95	0.4160	27.25	25.25
EQU	0	12/05/22	22:17:32	30.48	NaN	1020.00	173.43	419.62	2.94	33.06	1013.70	-0.43	3.06	91.11	29.00	345.01	9.96	9.92	9.95	0.4160	27.25	25.25
EQU	0	12/05/22	22:19:02	30.47	NaN	981.90	166.32	418.58	2.94	32.99	1013.70	-0.88	3.06	93.02	29.00	345.71	9.96	9.92	9.95	0.4160	27.25	25.19
EQU	0	12/05/22	22:20:32	30.53	NaN	994.52	168.68	419.87	2.95	33.03	1013.70	-0.58	3.05	91.72	29.00	346.10	9.96	9.92	9.95	0.4160	27.25	25.12
EQU	0	12/05/22	22:22:03	30.64	NaN	991.32	168.08	421.58	2.96	32.99	1013.60	-0.94	3.07	91.11	29.00	346.49	9.96	9.92	9.95	0.4150	27.19	25.06
EQU	0	12/05/22	22:23:33	30.78	NaN	989.60	167.77	423.79	2.98	32.99	1013.60	-0.53	3.07	92.73	29.00	347.24	9.96	9.92	9.95	0.4160	27.19	25.06
EQU	0	12/05/22	22:25:04	30.81	NaN	987.10	167.29	426.25	3.00	32.93	1013.50	-0.25	3.06	93.02	29.00	348.67	9.96	9.92	9.95	0.4160	27.12	25.00
EQU	0	12/05/22	22:26:34	30.85	NaN	996.57	169.05	427.29	3.01	32.94	1013.60	-0.93	3.06	93.53	29.00	351.39	9.96	9.92	9.95	0.4160	27.12	25.00
EQU	0	12/05/22	22:28:05	30.98	NaN	1034.30	176.06	426.45	3.00	32.91	1013.60	-0.64	3.06	91.78	29.00	352.20	9.96	9.92	9.95	0.4160	27.12	24.87
EQU	0	12/05/22	22:29:35	31.22	NaN	1134.10	195.04	425.37	2.99	32.85	1013.60	-0.64	3.04	92.62	29.00	351.67	9.96	9.93	9.95	0.4170	27.06	24.94
EQU	0	12/05/22	22:31:06	30.81	NaN	1350.00	238.29	425.62	2.99	32.91	1013.60	-0.42	3.06	92.17	29.00	351.13	9.96	9.93	9.95	0.4160	27.06	25.06
EQU	0	12/05/22	22:32:36	30.32	NaN	1838.80	347.60	424.75	2.98	32.86	1013.60	-0.99	3.04	90.78	29.00	351.83	9.96	9.93	9.95	0.4170	27.06	25.00
EQU	0	12/05/22	22:34:07	30.28	NaN	1849.30	350.11	422.91	2.97	32.84	1013.50	-0.68	3.04	91.89	29.00	352.78	9.96	9.93	9.95	0.4160	27.06	24.87
EQU	0	12/05/22	22:35:37	30.18	NaN	1993.50	385.80	423.12	2.97	32.83	1013.50	-0.28	3.06	89.34	29.00	347.94	9.96	9.93	9.95	0.4160	27.00	24.94
EQU	0	12/05/22	22:37:08	30.41	NaN	2061.40	403.14	428.16	3.01	32.82	1013.50	-1.14	3.05	92.06	29.00	343.47	9.96	9.93	9.95	0.4160	27.00	25.25
EQU	0	12/05/22	22:38:38	30.73	NaN	2157.60	428.48	438.79	3.10	32.91	1013.50	-0.09	3.05	60.81	29.00	332.63	9.96	9.93	9.95	0.4160	27.06	25.81
EQU-DRAIN	0	12/05/22	22:40:09	30.82	NaN	2453.20	510.76	447.04	3.17	33.03	1013.50	-0.83	2.97	91.17	29.00	325.00	9.96	9.93	9.94	0.4160	27.06	26.31
EQU	0	12/05/22	22:42:00	30.69	NaN	2675.50	577.25	445.45	3.15	33.02	1013.50	-0.45	2.93	89.78	29.00	316.45	9.96	9.93	9.94	0.4160	27.19	26.19
EQU	0	12/05/22	22:43:30	30.66	NaN	2807.00	618.55	440.50	3.11	33.03	1013.50	-0.86	2.95	87.92	29.00	318.69	9.96	9.93	9.95	0.4160	27.12	25.87
EQU	0	12/05/22	22:45:01	30.59	NaN	2895.10	647.12	438.08	3.09	33.07	1013.50	-0.60	2.99	89.17	29.00	325.20	9.96	9.93	9.94	0.4160	27.19	25.81
EQU	0	12/05/22	22:46:32	30.62	NaN	2887.30	644.62	437.91	3.09	33.04	1013.40	-0.91	3.01	89.34	29.00	332.51	9.96	9.93	9.94	0.4150	27.19	25.94
EQU	0	12/05/22	22:48:02	30.81	NaN	2817.40	622.01	438.04	3.09	33.09	1013.50	-0.59	3.03	90.00	29.00	335.26	9.96	9.93	9.94	0.4160	27.25	25.75
EQU	0	12/05/22	22:49:33	30.71	NaN	2879.90	642.12	437.91	3.09	33.04	1013.50	-0.81	2.97	89.56	29.00	342.13	9.96	9.93	9.95	0.4160	27.25	25.56
EQU	0	12/05/22	22:51:03	30.82	NaN	2885.50	644.04	437.62	3.09	33.09	1013.50	-0.93	2.94	81.02	29.00	348.50	9.96	9.93	9.95	0.4160	27.25	25.56
EQU	0	12/05/22	22:52:34	31.08	NaN	2840.50	629.45	435.41	3.07	33.13	1013.50	-0.22	2.99	88.95	29.00	350.49	9.96	9.93	9.95	0.4160	27.25	25.56
EQU	0	12/05/22	22:54:04	31.10	NaN	2709.30	587.80	433.62	3.06	33.13	1013.60	-0.13	3.03	91.33	29.00	350.79	9.96	9.93	9.95	0.4160	27.25	25.25
EQU	0	12/05/22	22:55:35	31.01	NaN	2577.00	547.25	431.54	3.04	33.07	1013.60	-0.76	2.98	90.94	29.00	350.71	9.96	9.93	9.95	0.4160	27.25	25.06
EQU	0	12/05/22	22:57:05	30.89	NaN	2502.10	525.01	430.33	3.03	33.10	1013.60	-0.37	2.96	90.66	29.00	350.23	9.96	9.93	9.95	0.4160	27.25	25.06
EQU	0	12/05/22	22:58:36	30.54	NaN	2490.70	521.70	428.45	3.02	33.10	1013.60	-0.66	2.89	92.96	29.00	350.70	9.96	9.93	9.95	0.4160	27.25	25.12
EQU	0	12/05/22	23:00:06	30.56	NaN	2536.00	534.95	431.00	3.04	33.07	1013.60	-0.83	2.93	91.78	29.00	351.08	9.96	9.93	9.95	0.4160	27.25	25.00
EQU	0	12/05/22	23:01:37	30.16	NaN	2604.00	555.20	430.58	3.03	33.03	1013.70	-0.35	2.96	92.28	29.00	351.72	9.96	9.93	9.95	0.4160	27.25	25.06
EQU	0	12/05/22	23:03:07	29.89	NaN	2864.80	637.21	435.54	3.07	33.14	1013.70	0.12	2.96	90.89	29.00	350.07	9.96	9.93	9.95	0.4170	27.25	25.37
EQU	0	12/05/22	23:04:37	29.94	NaN	3035.80	694.28	440.00	3.11	33.21	1013.60	-0.47	2.95	89.39	29.00	344.95	9.96	9.93	9.94	0.4160	27.31	26.00
EQU	0	12/05/22	23:06:08	30.10	NaN	3138.70	729.96	444.83	3.15	33.31	1013.60	-0.10	2.91	92.73	29.00	343.33	9.96	9.93	9.94	0.4150	27.31	26.50
EQU	0	12/05/22	23:07:38	30.12	NaN	3104.70	718.37	447.29	3.17	33.44	1013.70	-0.47	3.04	90.72	29.00	344.87	9.96	9.93	9.94	0.4150	27.44	26.81
EQU	0	12/05/22	23:09:09	30.17	NaN	3263.80	774.80	444.54	3.15	33.47	1013.60	-0.40	3.06	91.28	29.00	323.78	9.96	9.93	9.94	0.4150	27.50	26.50
EQU-DRAIN	0	12/05/22	23:10:39	30.40	NaN	3112.20	721.21	439.83	3.11	33.47	1013.50	-0.54	3.04	90.44	29.00	280.73	9.96	9.93	9.94	0.4150	27.50	26.25
EQU	0	12/05/22	23:12:31	30.45	NaN	2816.60	622.46	432.83	3.06	33.47	1013.50	-0.45	2.98	92.34	29.00	239.35	9.96	9.93	9.95	0.4160	27.56	25.87
STD1	0	12/05/22	23:17:18	30.94	0.00	-48.85	-0.20	12.17	0.07	33.49	1013.60	-0.27	3.11	65.34	29.00	230.55	9.96	9.93	9.95	0.4150	27.56	25.62
STD1	0	12/05/22	23:18:45	31.05	0.00	-49.70	-0.32	9.75	0.06	33.41	1013.60	-0.74	3.10	65.57	29.00	221.96	9.96	9.93	9.95	0.4150	27.56	25.56
STD1	0	12/05/22	23:20:12	31.17	0.00	-49.72	-0.33	8.71	0.05	33.37	1013.70	-0.10	3.11	65.76	29.00	215.62	9.96	9.93	9.95	0.4150	27.50	25.31
STD2	0	12/05/22	23:24:59	30.84	608.37	2969.80	670.67	11.08	0.07	33.32	1013.70	-0.50	3.08	66.86	29.00	223.81	9.96	9.93	9.95	0.4140	27.50	25.37
STD2	0	12/05/22	23:26:26	31.22	608.37	2968.50	590.43	13.58	0.08	33.27	1013.70	-0.32	3.09	66.03	29.00	217.05	9.96	9.93	9.95	0.4150	27.44	25.37
STD2	0	12/05/22	23:27:52	31.32	608.37	2967.50	590.33	13.83	0.08	33.36	1013.70	-0.26	3.09	65.80	29.00	213.02	9.96	9.93	9.94	0.4150	27.44	25.56
STD3	0	12/05/22	23:32:38	30.58	1514.51	4925.60	1314.30	10.96	0.07	33.72	1013.70	-0.33	0.05	65.57	29.00	209.45	9.96	9.93	9.85	0.4110	27.62	27.37
STD3	0	12/05/22	23:34:05	30.52	1514.51	4951.40	1326.50	13.00	0.08	33.84	1013.70	-0.25	0.05	65.25	29.00	209.79	9.96	9.93	9.69	0.4050	27.69	27.87
STD3	0	12/05/22	23:35:32	30.39	1514.51	4953.30	1327.90	13.54	0.08	33.98	1013.70	-0.26	0.05	65.39	29.00	209.80	9.96	9.93	9.49	0.3970	27.81	27.94
ATM	0	12/05/22	23:40:18	29.98	NaN	2112.70	371.05	871.83	7.07	34.15	1013.50	-0.25	0.05	103.37	29.00	209.85	9.96	9.93	9.42	0.3940	28.00	27.37
SHUT DOWN	0	12/05/22	23:40:24
