Type	error	PC Date	PC Time	equ temp	std val	CO2 mv	CO2 um/m	H2O mv	H2O mm/m	licor temp	licor press	equ press	H2O flow	licor flow	equ pump	vent flow	atm cond	equ cond	drip 1	drip 2	cond temp	dry box temp
EQU	0	12/05/22	00:02:09	27.74	NaN	1305.60	200.65	350.79	2.39	32.27	1017.60	-0.81	2.72	89.01	29.00	361.69	9.96	9.90	9.95	0.4170	26.25	24.50
EQU	0	12/05/22	00:03:39	27.73	NaN	1305.10	200.57	350.54	2.39	32.28	1017.60	-1.02	2.72	92.96	29.00	362.03	9.96	9.90	9.95	0.4180	26.25	24.37
EQU	0	12/05/22	00:05:09	27.73	NaN	1296.00	198.89	348.70	2.38	32.25	1017.70	-0.72	2.73	89.78	29.00	367.02	9.96	9.90	9.95	0.4170	26.19	24.25
EQU	0	12/05/22	00:06:40	27.68	NaN	1318.30	202.92	348.95	2.38	32.22	1017.70	-1.23	2.73	90.94	29.00	370.59	9.96	9.90	9.95	0.4180	26.12	24.31
EQU	0	12/05/22	00:08:11	27.68	NaN	1341.90	207.20	349.16	2.38	32.18	1017.60	-0.62	2.75	93.64	29.00	373.90	9.96	9.90	9.95	0.4180	26.12	24.25
EQU	0	12/05/22	00:09:41	27.67	NaN	1354.90	209.55	351.29	2.39	32.18	1017.80	-0.58	2.74	88.19	29.00	375.96	9.96	9.90	9.95	0.4170	26.06	24.12
EQU	0	12/05/22	00:11:12	27.66	NaN	1343.20	207.47	354.29	2.42	32.26	1017.80	-0.46	2.76	89.94	29.00	376.85	9.96	9.90	9.94	0.4180	26.12	24.69
EQU	0	12/05/22	00:12:42	27.58	NaN	1333.00	205.64	359.62	2.46	32.31	1017.80	-0.72	2.75	92.28	29.00	374.58	9.96	9.90	9.94	0.4180	26.06	24.94
EQU	0	12/05/22	00:14:13	27.56	NaN	1339.90	206.93	362.08	2.48	32.35	1017.80	-0.61	2.74	89.39	29.00	370.51	9.96	9.90	9.93	0.4180	26.12	25.31
EQU	0	12/05/22	00:15:43	27.54	NaN	1365.80	211.72	360.41	2.47	32.40	1017.80	-0.55	2.75	91.28	29.00	372.25	9.96	9.90	9.90	0.4150	26.19	25.62
EQU	0	12/05/22	00:17:14	27.56	NaN	1376.30	213.62	353.12	2.41	32.36	1017.80	-0.53	2.74	91.00	29.00	380.41	9.96	9.90	9.90	0.4150	26.19	25.06
EQU	0	12/05/22	00:18:44	27.55	NaN	1374.90	213.31	350.58	2.39	32.37	1018.00	-0.52	2.76	90.22	29.00	379.67	9.96	9.90	9.91	0.4160	26.25	24.87
EQU	0	12/05/22	00:20:15	27.52	NaN	1363.50	211.24	345.75	2.35	32.35	1017.80	-0.96	2.73	89.72	29.00	380.33	9.96	9.90	9.91	0.4160	26.25	24.87
EQU	0	12/05/22	00:21:45	27.52	NaN	1339.80	206.88	344.75	2.35	32.29	1017.70	-0.78	2.75	93.02	29.00	379.09	9.96	9.90	9.91	0.4160	26.25	24.75
EQU-DRAIN	0	12/05/22	00:23:16	27.53	NaN	1322.00	203.61	339.95	2.31	32.28	1017.70	-0.73	2.75	90.72	29.00	375.77	9.96	9.89	9.93	0.4160	26.19	24.50
EQU	0	12/05/22	00:25:07	27.48	NaN	1344.60	207.64	336.91	2.29	32.19	1017.80	-0.82	2.77	92.34	29.00	373.32	9.96	9.90	9.94	0.4170	26.19	24.19
EQU	0	12/05/22	00:26:37	27.49	NaN	1369.00	212.06	335.12	2.27	32.10	1017.80	-0.81	2.77	91.56	29.00	371.34	9.96	9.90	9.95	0.4180	26.12	23.94
EQU	0	12/05/22	00:28:08	27.49	NaN	1364.80	211.27	334.41	2.27	32.07	1017.70	-1.04	2.74	91.28	29.00	369.52	9.96	9.90	9.95	0.4180	26.06	23.75
EQU	0	12/05/22	00:29:38	27.48	NaN	1363.00	210.89	336.50	2.28	32.01	1017.80	-1.12	2.74	92.00	29.00	368.68	9.96	9.90	9.95	0.4170	25.94	23.94
EQU	0	12/05/22	00:31:09	27.47	NaN	1359.50	210.32	343.58	2.33	32.04	1017.70	-0.75	2.72	82.89	29.00	369.42	9.96	9.90	9.94	0.4180	25.94	24.25
EQU	0	12/05/22	00:32:39	27.50	NaN	1348.20	208.27	350.45	2.39	32.10	1017.80	-0.58	2.75	94.55	29.00	372.45	9.96	9.90	9.93	0.4180	25.94	24.69
EQU	0	12/05/22	00:34:10	27.51	NaN	1340.00	206.83	354.12	2.42	32.17	1017.70	-0.95	2.74	90.66	29.00	373.43	9.96	9.90	9.93	0.4170	26.00	25.06
EQU	0	12/05/22	00:35:40	27.50	NaN	1340.30	206.94	357.70	2.44	32.25	1017.70	-0.36	2.73	87.75	29.00	373.98	9.96	9.90	9.93	0.4180	26.06	25.44
EQU	0	12/05/22	00:37:11	27.49	NaN	1344.40	207.75	358.70	2.45	32.32	1017.70	-0.99	2.72	90.66	29.00	373.32	9.96	9.90	9.92	0.4160	26.12	25.62
EQU	0	12/05/22	00:38:41	27.48	NaN	1333.60	205.82	359.25	2.46	32.38	1017.70	-0.61	2.71	89.72	29.00	371.05	9.96	9.90	9.92	0.4170	26.19	25.81
EQU	0	12/05/22	00:40:12	27.48	NaN	1338.30	206.69	357.12	2.44	32.40	1017.70	-1.07	2.72	91.05	29.00	362.17	9.96	9.90	9.92	0.4160	26.25	25.56
EQU	0	12/05/22	00:41:42	27.45	NaN	1356.90	210.10	349.91	2.39	32.39	1017.60	-0.77	2.74	90.61	29.00	353.29	9.96	9.89	9.93	0.4170	26.25	25.06
EQU	0	12/05/22	00:43:13	27.42	NaN	1366.60	211.81	346.25	2.36	32.34	1017.70	-0.68	2.72	90.89	29.00	350.68	9.96	9.89	9.94	0.4170	26.25	24.87
EQU	0	12/05/22	00:44:43	27.41	NaN	1377.00	213.73	343.33	2.33	32.29	1017.60	-1.06	2.70	91.56	29.00	349.99	9.96	9.89	9.94	0.4180	26.25	24.81
EQU	0	12/05/22	00:46:14	27.39	NaN	1367.30	211.89	340.66	2.31	32.26	1017.70	-0.87	2.73	89.39	29.00	348.61	9.96	9.89	9.95	0.4180	26.19	24.44
EQU	0	12/05/22	00:47:44	27.37	NaN	1368.20	211.96	336.25	2.28	32.15	1017.70	-1.08	2.71	94.61	29.00	346.70	9.96	9.89	9.95	0.4170	26.12	24.06
EQU	0	12/05/22	00:49:15	27.38	NaN	1378.90	213.92	337.91	2.29	32.15	1017.80	-0.84	2.73	93.81	29.00	345.61	9.96	9.89	9.95	0.4180	26.06	24.06
EQU	0	12/05/22	00:50:45	27.37	NaN	1416.30	220.87	341.83	2.32	32.15	1017.80	-0.70	2.73	91.44	29.00	345.63	9.96	9.89	9.94	0.4180	26.00	24.31
EQU	0	12/05/22	00:52:16	27.36	NaN	1420.50	221.71	349.04	2.38	32.20	1017.80	-0.62	2.67	90.55	29.00	352.88	9.96	9.89	9.94	0.4180	26.00	24.81
EQU-DRAIN	0	12/05/22	00:53:46	27.37	NaN	1404.80	218.83	352.91	2.41	32.26	1017.80	-0.70	2.63	90.39	29.00	360.36	9.96	9.89	9.93	0.4170	26.00	25.25
EQU	0	12/05/22	00:55:38	27.37	NaN	1377.90	213.88	356.33	2.43	32.32	1017.80	-0.70	2.63	90.61	29.00	369.22	9.96	9.89	9.92	0.4170	26.06	25.62
EQU	0	12/05/22	00:57:08	27.39	NaN	1364.20	211.41	356.37	2.43	32.39	1017.80	-1.08	2.64	89.39	29.00	370.11	9.96	9.89	9.91	0.4160	26.12	25.81
STD1	0	12/05/22	01:01:55	27.37	0.00	-50.78	-6.84	12.04	0.07	32.53	1017.80	-0.78	2.68	66.31	29.00	371.01	9.96	9.89	9.90	0.4160	26.31	25.87
STD1	0	12/05/22	01:03:22	27.34	0.00	-51.00	-6.86	10.29	0.06	32.46	1017.70	-1.42	2.68	66.22	29.00	370.64	9.96	9.88	9.93	0.4160	26.31	25.50
STD1	0	12/05/22	01:04:49	27.30	0.00	-51.12	-6.88	8.96	0.05	32.48	1017.80	-0.81	2.72	66.36	29.00	370.42	9.96	9.89	9.94	0.4160	26.25	25.06
STD2	0	12/05/22	01:09:35	27.29	608.37	2973.70	586.50	10.37	0.06	32.26	1017.80	-0.64	2.70	67.84	29.00	357.62	9.96	9.90	9.95	0.4180	26.06	24.44
STD2	0	12/05/22	01:11:02	27.29	608.37	2976.50	587.23	12.87	0.08	32.20	1017.80	-1.32	2.69	66.91	29.00	355.93	9.96	9.90	9.95	0.4180	26.06	24.31
STD2	0	12/05/22	01:12:28	27.26	608.37	2975.60	586.89	13.42	0.08	32.19	1017.80	-1.17	2.70	66.68	29.00	354.90	9.96	9.90	9.94	0.4170	26.00	24.50
STD3	0	12/05/22	01:17:15	27.30	1514.51	4951.90	1311.90	10.87	0.07	32.42	1017.60	-0.66	2.73	66.86	29.00	364.67	9.96	9.90	9.93	0.4170	26.06	25.75
STD3	0	12/05/22	01:18:41	27.31	1514.51	4940.10	1306.90	12.75	0.08	32.49	1017.70	-1.00	2.72	66.49	29.00	366.51	9.96	9.90	9.93	0.4170	26.12	25.94
STD3	0	12/05/22	01:20:08	27.34	1514.51	4964.20	1317.80	12.83	0.08	32.54	1017.70	-0.67	2.73	66.54	29.00	367.99	9.96	9.90	9.93	0.4170	26.19	26.06
ATM-DRAIN	0	12/05/22	01:24:55	27.25	NaN	1999.20	340.98	689.79	5.25	32.54	1017.60	-1.05	2.73	96.62	29.00	370.71	9.96	9.90	9.94	0.4170	26.31	25.37
ATM	0	12/05/22	01:26:43	27.24	NaN	2007.30	342.73	682.87	5.18	32.51	1017.50	-0.67	2.74	96.50	29.00	369.19	9.96	9.90	9.94	0.4170	26.25	24.94
ATM	0	12/05/22	01:28:09	27.22	NaN	1998.40	340.66	672.66	5.09	32.44	1017.50	-1.11	2.66	96.27	29.00	369.92	9.96	9.90	9.95	0.4170	26.19	24.81
EQU	0	12/05/22	01:33:31	27.24	NaN	1444.30	226.29	343.70	2.34	32.29	1017.60	-1.06	2.55	89.56	29.00	371.92	9.96	9.90	9.94	0.4170	25.94	24.50
EQU	0	12/05/22	01:35:01	27.20	NaN	1436.10	224.75	342.41	2.33	32.26	1017.50	-1.28	2.65	92.85	29.00	372.43	9.96	9.90	9.94	0.4180	25.94	24.69
EQU	0	12/05/22	01:36:32	27.23	NaN	1415.60	220.97	348.00	2.37	32.35	1017.50	-0.74	2.70	92.68	29.00	371.70	9.96	9.90	9.94	0.4170	25.94	25.12
EQU	0	12/05/22	01:38:02	27.21	NaN	1418.60	221.61	351.75	2.40	32.45	1017.50	-0.56	2.67	90.72	29.00	371.69	9.96	9.90	9.94	0.4190	25.94	25.44
EQU	0	12/05/22	01:39:33	27.22	NaN	1409.40	219.88	352.87	2.41	32.45	1017.60	-0.37	2.71	90.72	29.00	370.09	9.96	9.90	9.93	0.4170	26.00	25.69
EQU	0	12/05/22	01:41:03	27.22	NaN	1429.50	223.71	354.66	2.42	32.56	1017.60	-0.40	2.63	90.28	29.00	371.03	9.96	9.90	9.92	0.4170	26.06	25.94
EQU	0	12/05/22	01:42:34	27.18	NaN	1418.80	221.77	355.12	2.43	32.62	1017.60	-0.28	2.70	90.61	29.00	373.58	9.96	9.90	9.92	0.4170	26.12	26.06
EQU	0	12/05/22	01:44:04	27.18	NaN	1407.00	219.61	353.83	2.42	32.67	1017.50	-0.60	2.73	90.66	29.00	374.39	9.96	9.90	9.91	0.4160	26.19	26.12
EQU	0	12/05/22	01:45:35	27.19	NaN	1402.50	218.74	348.12	2.37	32.64	1017.50	-0.68	2.72	90.72	29.00	375.66	9.96	9.89	9.93	0.4170	26.25	25.75
EQU	0	12/05/22	01:47:05	27.17	NaN	1401.20	218.43	340.29	2.31	32.59	1017.60	-0.70	2.72	93.87	29.00	376.32	9.96	9.90	9.94	0.4170	26.25	25.12
EQU	0	12/05/22	01:48:36	27.18	NaN	1400.90	218.34	335.83	2.28	32.57	1017.60	-1.29	2.73	97.37	29.00	377.97	9.96	9.90	9.94	0.4170	26.19	24.87
EQU	0	12/05/22	01:50:06	27.23	NaN	1419.00	221.67	333.37	2.26	32.52	1017.70	-1.25	2.73	90.28	29.00	371.21	9.96	9.90	9.95	0.4180	26.12	24.75
EQU	0	12/05/22	01:51:37	27.26	NaN	1457.50	228.89	328.45	2.22	32.47	1017.60	-0.83	2.67	92.57	29.00	365.80	9.96	9.90	9.95	0.4180	26.06	24.56
EQU	0	12/05/22	01:53:07	27.31	NaN	1490.40	235.06	330.25	2.24	32.38	1017.70	-0.93	2.69	91.61	29.00	360.07	9.96	9.89	9.95	0.4180	26.06	24.37
EQU-DRAIN	0	12/05/22	01:54:38	27.27	NaN	1516.00	239.96	330.87	2.24	32.37	1017.70	-0.49	2.70	95.18	29.00	359.35	9.96	9.89	9.94	0.4180	25.94	24.44
EQU	0	12/05/22	01:56:29	27.20	NaN	1473.90	231.87	339.00	2.30	32.33	1017.70	-1.58	2.63	94.78	29.00	357.02	9.96	9.89	9.94	0.4170	25.94	24.75
EQU	0	12/05/22	01:58:00	27.23	NaN	1458.60	229.01	345.08	2.35	32.38	1017.80	-0.64	2.62	91.67	29.00	354.34	9.96	9.89	9.94	0.4170	25.94	25.19
EQU	0	12/05/22	01:59:31	27.25	NaN	1468.80	230.96	351.75	2.40	32.40	1017.80	-0.28	2.60	89.12	29.00	352.44	9.96	9.52	9.93	0.4170	25.94	25.44
EQU	0	12/05/22	02:01:01	27.28	NaN	1468.50	230.96	351.12	2.39	32.47	1017.80	-0.43	2.62	92.51	29.00	351.09	9.96	9.79	9.93	0.4170	26.00	25.69
EQU	0	12/05/22	02:02:32	27.30	NaN	1483.10	233.75	349.25	2.38	32.52	1017.90	-0.83	2.61	87.97	29.00	349.89	9.96	9.87	9.92	0.4180	26.06	25.87
EQU	0	12/05/22	02:04:02	27.30	NaN	1487.00	234.53	348.41	2.37	32.55	1017.90	-0.80	2.63	92.34	29.00	349.52	9.96	9.88	9.92	0.4160	26.12	25.94
EQU	0	12/05/22	02:05:33	27.31	NaN	1511.00	239.21	345.79	2.36	32.66	1017.80	-0.20	2.63	92.00	29.00	349.01	9.96	9.88	9.91	0.4160	26.19	26.12
EQU	0	12/05/22	02:07:03	27.32	NaN	1517.10	240.38	345.08	2.35	32.64	1017.90	-0.76	2.69	90.44	29.00	348.93	9.96	9.88	9.91	0.4160	26.19	25.87
EQU	0	12/05/22	02:08:33	27.29	NaN	1507.10	238.42	335.50	2.28	32.65	1017.90	-0.77	2.69	89.61	29.00	348.99	9.96	9.88	9.93	0.4170	26.19	25.44
EQU	0	12/05/22	02:10:04	27.27	NaN	1497.10	236.45	326.37	2.21	32.61	1017.90	-0.62	1.73	93.30	29.00	349.35	9.96	9.89	9.94	0.4160	26.19	25.12
EQU	0	12/05/22	02:11:34	27.20	NaN	1493.50	235.73	323.75	2.19	32.59	1018.00	-0.58	1.89	90.72	29.00	349.67	9.96	9.89	9.94	0.4170	26.12	24.81
EQU	0	12/05/22	02:13:05	27.10	NaN	1487.90	234.61	324.00	2.19	32.50	1017.90	-0.99	2.17	93.81	29.00	349.97	9.96	9.89	9.94	0.4170	26.06	24.62
EQU	0	12/05/22	02:14:36	27.03	NaN	1455.80	228.45	324.62	2.19	32.45	1017.90	-0.87	1.98	92.17	29.00	350.29	9.96	9.89	9.94	0.4170	26.06	24.44
EQU	0	12/05/22	02:16:06	26.94	NaN	1437.50	224.97	327.45	2.22	32.43	1018.00	-0.82	1.99	91.72	29.00	350.26	9.96	9.89	9.94	0.4160	26.00	24.44
EQU	0	12/05/22	02:17:37	26.96	NaN	1430.80	223.71	336.54	2.28	32.38	1017.90	-1.89	1.94	95.70	29.00	350.46	9.96	9.89	9.94	0.4170	25.94	24.75
EQU	0	12/05/22	02:19:07	27.02	NaN	1438.80	225.30	341.79	2.32	32.47	1017.90	-0.70	2.10	89.34	29.00	350.99	9.96	9.89	9.93	0.4160	25.94	25.19
EQU	0	12/05/22	02:20:38	27.03	NaN	1437.30	225.03	345.58	2.35	32.51	1018.00	-0.68	2.09	90.61	29.00	351.66	9.96	9.89	9.93	0.4170	26.00	25.50
EQU	0	12/05/22	02:22:08	27.04	NaN	1447.20	226.94	346.83	2.36	32.58	1018.00	-0.72	2.14	89.89	29.00	363.02	9.96	9.89	9.92	0.4160	26.06	25.69
EQU	0	12/05/22	02:23:39	27.01	NaN	1462.40	230.00	346.45	2.36	32.82	1018.00	-0.97	1.57	91.28	29.00	371.54	9.96	9.89	9.92	0.4160	26.06	25.37
EQU-DRAIN	0	12/05/22	02:25:10	27.01	NaN	1465.70	230.81	347.50	2.37	33.06	1018.00	-0.60	2.06	90.83	29.00	379.67	9.96	9.89	9.92	0.4160	26.12	25.62
EQU	0	12/05/22	02:27:00	27.06	NaN	1496.90	236.97	344.37	2.35	33.33	1018.00	-0.35	2.18	89.61	29.00	375.49	9.96	9.89	9.91	0.4160	26.19	25.56
EQU	0	12/05/22	02:28:31	27.05	NaN	1512.10	240.06	342.50	2.34	33.53	1018.00	-0.53	2.05	92.34	29.00	371.96	9.96	9.90	9.92	0.4160	26.31	25.06
EQU	0	12/05/22	02:30:01	27.04	NaN	1526.30	242.94	336.29	2.29	33.72	1018.00	-0.16	2.07	92.34	29.00	368.09	9.96	9.90	9.94	0.4160	26.31	24.56
EQU	0	12/05/22	02:31:32	27.03	NaN	1548.90	247.45	333.50	2.27	33.90	1018.10	0.65	2.14	92.28	29.00	368.78	9.96	9.90	9.94	0.4170	26.31	24.31
EQU	0	12/05/22	02:33:02	27.01	NaN	1569.80	251.70	330.16	2.25	34.09	1018.10	-0.13	1.86	93.75	29.00	373.34	9.96	9.90	9.95	0.4170	26.31	24.12
EQU	0	12/05/22	02:34:33	27.02	NaN	1579.40	253.74	329.12	2.24	34.26	1018.00	-0.42	2.18	90.66	29.00	379.57	9.96	9.90	9.95	0.4170	26.25	23.87
EQU	0	12/05/22	02:36:03	27.02	NaN	1587.60	255.51	326.91	2.23	34.47	1018.10	0.43	1.80	86.35	29.00	379.46	9.96	9.90	9.95	0.4170	26.25	23.94
EQU	0	12/05/22	02:37:34	26.99	NaN	1588.30	255.79	326.12	2.22	34.64	1018.10	-0.39	1.95	93.13	29.00	380.42	9.96	9.90	9.94	0.4170	26.25	24.31
EQU	0	12/05/22	02:39:04	27.07	NaN	1595.50	257.34	328.08	2.24	34.82	1018.20	-0.90	1.59	92.28	29.00	382.06	9.96	9.90	9.94	0.4160	26.19	24.75
EQU	0	12/05/22	02:40:35	27.00	NaN	1602.00	258.81	329.00	2.25	34.99	1018.10	-0.23	1.96	91.50	29.00	382.99	9.96	9.90	9.94	0.4170	26.19	25.19
EQU	0	12/05/22	02:42:05	26.99	NaN	1604.60	259.47	330.29	2.26	35.17	1018.10	-0.55	1.85	91.22	29.00	380.85	9.96	9.90	9.94	0.4160	26.25	25.44
EQU	0	12/05/22	02:43:36	27.02	NaN	1608.40	260.38	331.00	2.26	35.36	1018.10	-0.22	2.33	92.85	29.00	382.17	9.96	9.90	9.94	0.4170	26.31	25.56
EQU	0	12/05/22	02:45:06	27.06	NaN	1618.10	262.49	330.58	2.26	35.55	1018.10	-0.60	1.86	91.56	29.00	384.03	9.96	9.90	9.93	0.4160	26.37	25.69
EQU	0	12/05/22	02:46:37	27.04	NaN	1623.30	263.70	330.75	2.26	35.73	1018.10	-0.46	2.62	91.89	29.00	388.58	9.96	9.90	9.93	0.4160	26.44	25.81
EQU	0	12/05/22	02:48:07	27.05	NaN	1620.20	263.24	329.50	2.26	35.91	1018.00	-0.36	2.16	96.27	29.00	372.11	9.96	9.90	9.93	0.4160	26.44	25.87
EQU	0	12/05/22	02:49:38	27.08	NaN	1629.80	265.32	327.00	2.24	36.08	1018.00	-0.70	1.48	91.39	29.00	351.17	9.96	9.90	9.93	0.4160	26.50	25.50
EQU	0	12/05/22	02:51:08	27.03	NaN	1639.00	267.30	324.00	2.22	36.25	1018.00	-0.56	1.72	92.73	29.00	334.14	9.96	9.90	9.94	0.4160	26.56	24.94
EQU	0	12/05/22	02:52:39	26.98	NaN	1642.30	268.10	321.58	2.20	36.38	1018.00	-0.17	1.86	90.50	29.00	331.06	9.96	9.90	9.95	0.4150	26.56	24.56
EQU	0	12/05/22	02:54:10	27.01	NaN	1636.30	267.04	320.91	2.20	36.58	1018.10	-0.43	1.77	91.17	29.00	331.58	9.96	9.90	9.95	0.4160	26.50	24.37
EQU-DRAIN	0	12/05/22	02:55:40	27.00	NaN	1645.40	268.98	319.50	2.19	36.71	1018.10	-0.61	2.15	91.00	29.00	313.62	9.96	9.90	9.95	0.4160	26.50	24.12
EQU	0	12/05/22	02:57:31	27.01	NaN	1647.90	269.64	316.16	2.16	36.87	1018.00	-0.64	2.23	91.78	29.00	277.10	9.96	9.90	9.95	0.4160	26.44	24.06
EQU	0	12/05/22	02:59:01	26.99	NaN	1647.20	269.60	316.62	2.17	36.99	1018.10	0.04	2.21	85.75	29.00	258.23	9.96	9.90	9.95	0.4160	26.44	24.37
EQU	0	12/05/22	03:00:32	27.02	NaN	1644.00	269.05	319.41	2.19	37.13	1018.10	-0.58	1.46	91.22	29.00	262.41	9.96	9.90	9.95	0.4170	26.37	24.87
EQU	0	12/05/22	03:02:02	27.03	NaN	1643.00	268.93	321.25	2.20	37.22	1018.10	-0.81	2.31	91.89	29.00	244.87	9.96	9.90	9.94	0.4160	26.44	25.31
EQU	0	12/05/22	03:03:33	27.09	NaN	1644.90	269.44	321.45	2.21	37.37	1018.20	-0.46	2.33	90.94	29.00	240.05	9.96	9.90	9.94	0.4160	26.44	25.50
ATM	0	12/05/22	03:08:20	27.07	NaN	1950.70	335.61	648.87	4.95	37.78	1018.10	-0.50	1.83	98.48	29.00	244.94	9.96	9.90	9.93	0.4160	26.56	25.87
ATM	0	12/05/22	03:09:47	27.11	NaN	1959.10	337.63	652.75	4.99	37.88	1018.10	-0.73	1.28	98.25	29.00	235.40	9.96	9.90	9.93	0.4150	26.62	25.87
ATM	0	12/05/22	03:11:13	27.10	NaN	1960.50	338.09	648.00	4.95	38.01	1018.00	-0.76	1.85	97.96	29.00	257.26	9.96	9.90	9.94	0.4160	26.69	25.44
EQU	0	12/05/22	03:16:36	26.90	NaN	1589.00	259.00	319.62	2.20	38.34	1018.10	-1.30	1.59	88.30	29.00	282.23	9.96	9.91	9.95	0.4160	26.62	24.31
EQU	0	12/05/22	03:18:06	26.81	NaN	1545.00	250.31	316.75	2.18	38.42	1018.00	-0.34	1.11	93.30	29.00	323.31	9.96	9.91	9.95	0.4160	26.56	24.12
EQU	0	12/05/22	03:19:37	26.70	NaN	1481.60	237.96	316.12	2.17	38.53	1018.10	-0.94	1.40	90.61	29.00	329.67	9.96	9.91	9.95	0.4160	26.50	24.25
EQU	0	12/05/22	03:21:07	26.70	NaN	1382.10	218.92	317.16	2.18	38.60	1018.20	-0.16	1.57	89.45	29.00	336.85	9.96	9.90	9.95	0.4160	26.44	24.69
EQU	0	12/05/22	03:22:38	26.76	NaN	1284.80	200.90	318.66	2.19	38.70	1018.10	-0.31	1.26	90.83	29.00	295.76	9.96	9.91	9.95	0.4170	26.44	25.12
EQU	0	12/05/22	03:24:08	26.68	NaN	1226.60	190.32	319.87	2.20	38.76	1018.20	-0.96	1.23	91.95	29.00	260.35	9.96	9.91	9.94	0.4160	26.50	25.44
EQU-DRAIN	0	12/05/22	03:25:39	26.66	NaN	1180.30	182.05	321.12	2.21	38.85	1018.30	-0.96	1.00	91.78	29.00	252.46	9.96	9.91	9.94	0.4160	26.50	25.62
EQU	0	12/05/22	03:27:30	26.85	NaN	1158.10	178.16	320.91	2.21	38.93	1018.30	-0.48	1.29	91.50	29.00	250.83	9.96	9.90	9.94	0.4160	26.56	25.75
EQU	0	12/05/22	03:29:01	26.90	NaN	1167.50	179.88	321.75	2.22	39.03	1018.30	-0.93	1.06	89.83	29.00	257.57	9.96	9.90	9.94	0.4140	26.62	25.87
EQU	0	12/05/22	03:30:31	26.91	NaN	1186.10	183.26	322.12	2.22	39.13	1018.30	-0.72	1.21	90.17	29.00	257.74	9.96	9.90	9.93	0.4150	26.62	26.00
EQU	0	12/05/22	03:32:02	26.96	NaN	1172.70	180.90	321.87	2.22	39.15	1018.20	0.07	1.59	88.02	29.00	255.08	9.96	9.90	9.93	0.4150	26.69	25.87
EQU	0	12/05/22	03:33:32	26.91	NaN	1150.60	177.02	320.70	2.21	39.24	1018.20	-0.20	1.54	91.89	29.00	249.73	9.96	9.90	9.94	0.4160	26.69	25.31
EQU	0	12/05/22	03:35:03	26.81	NaN	1129.00	173.21	319.08	2.20	39.22	1018.20	-3.04	0.13	90.28	29.00	257.26	9.96	9.90	9.94	0.4160	26.69	24.81
EQU	0	12/05/22	03:36:33	26.75	NaN	1164.90	179.58	318.62	2.20	39.29	1018.20	-2.90	0.27	89.67	29.00	261.19	9.96	9.90	9.95	0.4160	26.69	24.56
EQU	0	12/05/22	03:38:03	26.79	NaN	1154.00	177.65	319.83	2.21	39.31	1018.30	-0.22	1.35	89.94	29.00	271.92	9.96	9.90	9.95	0.4160	26.69	24.31
EQU	0	12/05/22	03:39:34	26.90	NaN	1132.80	173.91	320.33	2.21	39.34	1018.30	0.35	0.93	88.79	29.00	263.62	9.96	9.90	9.95	0.4160	26.62	24.06
EQU	0	12/05/22	03:41:05	26.93	NaN	1102.40	168.58	320.75	2.21	39.35	1018.30	-0.46	1.34	90.44	29.00	255.44	9.96	9.90	9.95	0.4160	26.56	24.25
EQU	0	12/05/22	03:42:35	26.90	NaN	1094.50	167.25	322.54	2.23	39.42	1018.30	-0.37	1.14	95.47	29.00	228.92	9.96	9.90	9.95	0.4150	26.56	24.56
EQU	0	12/05/22	03:44:06	26.87	NaN	1093.10	167.03	324.50	2.24	39.47	1018.30	-1.07	0.85	90.61	29.00	272.09	9.96	9.90	9.95	0.4160	26.56	25.00
EQU	0	12/05/22	03:45:36	26.82	NaN	1100.00	168.23	325.75	2.25	39.46	1018.30	-0.58	1.12	90.22	29.00	322.49	9.96	9.90	9.94	0.4160	26.50	25.44
EQU	0	12/05/22	03:47:07	26.86	NaN	1118.80	171.58	325.75	2.25	39.51	1018.20	2.10	2.56	96.91	29.00	374.22	9.96	9.90	9.94	0.4160	26.56	25.62
EQU	0	12/05/22	03:48:37	26.86	NaN	1124.50	172.57	326.79	2.26	39.54	1018.30	0.21	2.71	88.19	29.00	366.38	9.96	9.90	9.94	0.4150	26.56	25.75
EQU	0	12/05/22	03:50:08	26.58	NaN	1125.40	172.75	327.16	2.26	39.56	1018.30	-0.15	2.72	91.95	29.00	353.68	9.96	9.90	9.93	0.4160	26.62	25.87
EQU	0	12/05/22	03:51:38	26.60	NaN	1140.10	175.37	327.58	2.27	39.62	1018.30	-0.75	2.77	90.44	29.00	334.75	9.96	9.90	9.93	0.4160	26.69	25.94
EQU	0	12/05/22	03:53:09	26.66	NaN	1181.20	182.71	328.66	2.28	39.65	1018.20	-0.31	2.74	91.72	29.00	322.39	9.96	9.90	9.93	0.4150	26.69	25.94
EQU	0	12/05/22	03:54:39	26.61	NaN	1201.20	186.29	328.66	2.28	39.67	1018.30	-0.38	2.75	92.28	29.00	313.55	9.96	9.89	9.93	0.4150	26.75	25.62
EQU-DRAIN	0	12/05/22	03:56:10	26.66	NaN	1206.60	187.28	328.37	2.27	39.72	1018.30	-0.36	2.75	89.45	29.00	312.47	9.96	9.90	9.94	0.4160	26.75	24.94
EQU	0	12/05/22	03:58:01	26.69	NaN	1229.70	191.46	325.37	2.25	39.72	1018.30	-0.40	2.76	89.56	29.00	310.18	9.96	9.90	9.95	0.4160	26.75	24.50
EQU	0	12/05/22	03:59:31	26.70	NaN	1300.50	204.46	326.45	2.26	39.76	1018.20	-0.55	2.76	92.34	29.00	306.21	9.96	9.90	9.95	0.4160	26.75	24.31
EQU	0	12/05/22	04:01:02	26.70	NaN	1355.00	214.64	326.16	2.26	39.78	1018.20	-0.51	2.78	89.61	29.00	304.14	9.96	9.90	9.95	0.4160	26.69	24.19
EQU	0	12/05/22	04:02:32	26.69	NaN	1371.30	217.74	326.16	2.26	39.80	1018.20	-0.41	2.79	86.45	29.00	304.97	9.96	9.90	9.95	0.4160	26.62	24.25
EQU	0	12/05/22	04:04:03	26.57	NaN	1337.50	211.35	326.45	2.26	39.80	1018.30	-0.58	2.80	88.52	29.00	305.62	9.96	9.90	9.95	0.4160	26.62	24.56
EQU	0	12/05/22	04:05:33	26.56	NaN	1251.10	195.41	329.20	2.28	39.83	1018.30	-0.89	2.80	88.13	29.00	306.19	9.96	9.90	9.95	0.4170	26.56	25.00
EQU	0	12/05/22	04:07:04	26.61	NaN	1210.00	187.97	330.62	2.29	39.84	1018.30	-0.32	2.78	89.94	29.00	307.37	9.96	9.90	9.94	0.4160	26.56	25.44
EQU	0	12/05/22	04:08:34	26.68	NaN	1311.40	206.53	331.12	2.30	39.83	1018.30	-1.03	2.68	89.34	29.00	312.59	9.96	9.90	9.94	0.4160	26.56	25.62
EQU	0	12/05/22	04:10:05	26.67	NaN	1306.20	205.55	329.87	2.29	39.83	1018.30	-0.75	2.58	89.89	29.00	319.62	9.96	9.90	9.94	0.4160	26.62	25.69
EQU	0	12/05/22	04:11:35	26.68	NaN	1316.60	207.54	329.12	2.28	39.91	1018.30	-0.25	2.57	93.41	29.00	325.30	9.96	9.90	9.93	0.4150	26.69	25.81
EQU	0	12/05/22	04:13:06	26.70	NaN	1319.20	207.99	328.95	2.28	39.92	1018.40	-0.46	2.57	91.95	29.00	328.23	9.96	9.90	9.93	0.4160	26.69	25.87
EQU	0	12/05/22	04:14:36	26.68	NaN	1355.00	214.71	328.87	2.28	39.92	1018.40	-0.55	2.61	89.56	29.00	326.63	9.96	9.90	9.93	0.4160	26.75	25.87
EQU	0	12/05/22	04:16:07	26.57	NaN	1334.60	210.93	329.33	2.28	39.98	1018.40	-0.50	2.61	86.72	29.00	327.18	9.96	9.90	9.93	0.4160	26.75	25.69
EQU	0	12/05/22	04:17:37	26.51	NaN	1271.80	199.27	325.79	2.26	39.95	1018.40	-0.32	2.63	91.28	29.00	327.06	9.96	9.89	9.94	0.4160	26.75	25.00
EQU	0	12/05/22	04:19:08	26.56	NaN	1315.60	207.39	323.33	2.24	39.99	1018.30	-0.40	2.60	93.07	29.00	329.09	9.96	9.90	9.95	0.4150	26.75	24.44
EQU	0	12/05/22	04:20:38	26.63	NaN	1376.40	218.84	322.66	2.23	40.02	1018.30	-0.49	2.62	91.56	29.00	328.34	9.96	9.90	9.95	0.4160	26.69	24.31
EQU	0	12/05/22	04:22:09	26.58	NaN	1430.20	229.07	323.20	2.24	39.98	1018.30	-0.28	2.62	88.52	29.00	338.55	9.96	9.90	9.95	0.4160	26.62	24.19
EQU	0	12/05/22	04:23:40	26.48	NaN	1357.60	215.27	324.12	2.24	40.04	1018.30	-0.61	2.65	90.17	29.00	350.48	9.96	9.90	9.95	0.4160	26.56	24.19
EQU	0	12/05/22	04:25:10	26.47	NaN	1272.50	199.45	324.70	2.25	40.01	1018.30	-0.60	2.64	92.45	29.00	362.79	9.96	9.90	9.95	0.4160	26.50	24.50
EQU-DRAIN	0	12/05/22	04:26:40	26.49	NaN	1248.70	195.10	327.91	2.27	40.05	1018.30	-0.52	2.64	89.83	29.00	367.23	9.96	9.90	9.95	0.4160	26.50	24.94
EQU	0	12/05/22	04:28:32	26.56	NaN	1268.90	198.79	330.00	2.29	40.02	1018.40	-0.83	2.64	91.44	29.00	368.50	9.96	9.90	9.94	0.4150	26.50	25.44
EQU	0	12/05/22	04:30:02	26.49	NaN	1262.90	197.73	332.20	2.31	40.05	1018.30	-0.83	2.66	91.00	29.00	361.75	9.96	9.90	9.94	0.4160	26.56	25.62
EQU	0	12/05/22	04:31:33	26.53	NaN	1214.40	188.92	332.79	2.31	40.07	1018.30	-0.53	2.69	90.94	29.00	362.21	9.96	9.90	9.93	0.4160	26.56	25.81
EQU	0	12/05/22	04:33:03	26.52	NaN	1271.50	199.36	333.58	2.32	40.13	1018.30	-0.78	2.69	91.22	29.00	354.14	9.96	9.90	9.93	0.4150	26.62	25.87
EQU	0	12/05/22	04:34:34	26.51	NaN	1269.00	198.92	333.75	2.32	40.15	1018.20	-0.55	2.66	90.17	29.00	339.62	9.96	9.90	9.93	0.4150	26.69	25.94
EQU	0	12/05/22	04:36:04	26.54	NaN	1308.30	206.18	334.91	2.33	40.13	1018.20	-0.55	2.65	90.39	29.00	331.36	9.96	9.90	9.93	0.4160	26.69	26.06
EQU	0	12/05/22	04:37:35	26.50	NaN	1278.40	200.64	334.45	2.32	40.12	1018.20	-0.55	2.69	89.94	29.00	329.33	9.96	9.90	9.92	0.4150	26.69	26.06
EQU	0	12/05/22	04:39:05	26.53	NaN	1240.30	193.71	334.25	2.32	40.19	1018.20	-0.58	2.69	91.05	29.00	327.37	9.96	9.90	9.92	0.4140	26.75	26.00
EQU	0	12/05/22	04:40:36	26.54	NaN	1250.40	195.57	332.50	2.31	40.22	1018.10	-0.16	2.72	88.63	29.00	327.07	9.96	9.90	9.93	0.4160	26.81	25.50
EQU	0	12/05/22	04:42:06	26.57	NaN	1293.50	203.51	330.70	2.30	40.24	1018.10	-0.67	2.67	90.83	29.00	340.76	9.96	9.90	9.94	0.4150	26.81	25.06
EQU	0	12/05/22	04:43:37	26.45	NaN	1333.40	210.94	329.29	2.29	40.24	1018.10	-0.36	2.70	90.17	29.00	356.53	9.96	9.90	9.95	0.4160	26.81	24.69
EQU	0	12/05/22	04:45:07	26.43	NaN	1237.90	193.31	329.41	2.29	40.21	1018.10	-1.04	2.69	88.95	29.00	372.66	9.96	9.90	9.95	0.4160	26.75	24.50
EQU	0	12/05/22	04:46:38	26.27	NaN	1227.60	191.42	329.33	2.29	40.23	1018.20	-0.03	2.71	88.02	29.00	374.86	9.96	9.90	9.95	0.4160	26.69	24.31
STD1	0	12/05/22	04:51:25	26.34	0.00	-49.03	-6.76	9.12	0.06	40.25	1018.10	-0.62	2.75	65.48	29.00	384.15	9.96	9.91	9.94	0.4160	26.62	25.31
STD1	0	12/05/22	04:52:52	26.27	0.00	-49.22	-6.79	7.08	0.04	40.24	1018.10	-0.23	2.75	65.48	29.00	384.87	9.96	9.91	9.94	0.4150	26.62	25.62
STD1	0	12/05/22	04:54:18	26.16	0.00	-49.42	-6.82	5.75	0.04	40.28	1018.20	-0.84	2.76	65.44	29.00	386.74	9.96	9.91	9.93	0.4160	26.62	25.75
STD2-DRAIN	0	12/05/22	04:59:04	26.35	608.37	2920.00	585.95	8.29	0.05	40.32	1018.10	-0.63	2.76	66.91	29.00	434.80	9.96	9.90	9.92	0.4150	26.75	26.06
STD2	0	12/05/22	05:00:52	26.37	608.37	2921.50	586.43	9.21	0.06	40.33	1018.00	-0.38	2.73	66.59	29.00	441.04	9.96	9.90	9.92	0.4140	26.81	25.69
STD2	0	12/05/22	05:02:18	26.43	608.37	2913.40	584.12	10.17	0.06	40.35	1018.10	-0.53	2.77	66.03	29.00	435.06	9.96	9.90	9.93	0.4150	26.81	25.12
STD3	0	12/05/22	05:07:05	26.13	1514.51	4884.10	1314.10	7.42	0.05	40.36	1018.00	-0.93	2.76	66.03	29.00	402.71	9.96	9.78	9.95	0.4160	26.69	24.37
STD3	0	12/05/22	05:08:32	26.05	1514.51	4882.90	1313.40	8.92	0.06	40.34	1018.00	-0.64	2.78	65.80	29.00	401.86	9.96	9.73	9.95	0.4160	26.62	24.25
STD3	0	12/05/22	05:09:58	26.21	1514.51	4871.90	1308.40	9.12	0.06	40.31	1018.00	-0.64	2.77	65.99	29.00	400.50	9.96	9.66	9.95	0.4160	26.56	24.44
STD1z	0	12/05/22	05:14:48	26.42	0.00	-45.90	-6.33	3.71	0.02	40.34	1018.00	-0.45	2.79	65.67	29.00	398.45	9.96	9.71	9.93	0.4160	26.56	25.56
STD3s	0	12/05/22	05:19:39	26.29	0.00	4890.90	1338.50	4.04	0.03	40.36	1017.90	-0.59	2.78	66.45	29.00	403.47	9.96	9.76	9.91	0.4140	26.62	25.87
STD1	0	12/05/22	05:24:27	26.23	0.00	-45.45	0.07	3.04	0.02	40.38	1017.90	-0.75	2.78	65.48	29.00	367.63	9.96	9.84	9.92	0.4160	26.69	25.06
STD1	0	12/05/22	05:25:54	26.41	0.00	-46.87	-0.14	2.29	0.01	40.35	1017.90	-0.66	2.78	65.67	29.00	352.84	9.96	9.84	9.94	0.4160	26.69	24.75
STD1-DRAIN	0	12/05/22	05:27:20	26.28	0.00	-47.33	-0.21	2.33	0.01	40.39	1017.90	-0.72	2.78	65.62	29.00	361.83	9.96	9.85	9.94	0.4160	26.62	24.50
STD2	0	12/05/22	05:32:28	26.43	608.37	2925.80	668.93	3.42	0.02	40.37	1017.90	-0.48	2.81	67.56	29.00	385.88	9.96	9.89	9.94	0.4160	26.44	24.50
STD2	0	12/05/22	05:33:54	26.47	608.37	2927.50	669.43	6.17	0.04	40.36	1017.90	-0.58	2.79	66.17	29.00	382.26	9.96	9.90	9.94	0.4160	26.44	24.94
STD2	0	12/05/22	05:35:20	26.47	608.37	2921.80	667.53	7.29	0.05	40.35	1017.90	-0.62	2.79	65.99	29.00	377.20	9.96	9.90	9.93	0.4160	26.44	25.31
STD3	0	12/05/22	05:40:07	26.48	1514.51	4889.50	1514.00	3.50	0.02	40.36	1017.80	-1.09	2.79	66.36	29.00	369.91	9.96	9.91	9.91	0.4150	26.44	25.81
STD3	0	12/05/22	05:41:34	26.48	1514.51	4894.20	1516.50	6.29	0.04	40.39	1017.90	-0.59	2.81	66.03	29.00	377.72	9.96	9.91	9.90	0.4150	26.50	25.87
STD3	0	12/05/22	05:43:00	26.52	1514.51	4889.20	1513.80	6.46	0.04	40.39	1017.90	-0.65	2.78	66.22	29.00	379.16	9.96	9.91	9.90	0.4140	26.56	25.87
ATM	0	12/05/22	05:47:46	26.46	NaN	2007.40	398.42	705.37	5.53	40.44	1017.90	-0.45	2.81	99.01	29.00	370.70	9.96	9.91	9.93	0.4160	26.56	24.81
ATM	0	12/05/22	05:49:13	26.41	NaN	2008.40	398.71	704.50	5.52	40.46	1017.80	-0.57	2.81	98.95	29.00	378.60	9.96	9.91	9.94	0.4160	26.56	24.56
ATM	0	12/05/22	05:50:40	26.45	NaN	1954.60	384.78	697.62	5.45	40.40	1017.80	-0.74	2.80	98.72	29.00	378.79	9.96	9.91	9.95	0.4160	26.56	24.44
EQU	0	12/05/22	05:56:04	26.57	NaN	1364.10	246.11	354.87	2.49	40.38	1017.90	-0.46	2.81	87.97	29.00	371.26	9.96	9.92	9.94	0.4160	26.37	24.81
EQU-DRAIN	0	12/05/22	05:57:34	26.55	NaN	1423.30	258.79	351.41	2.46	40.35	1017.80	-0.19	2.82	93.30	29.00	367.44	9.96	9.92	9.94	0.4160	26.37	25.19
EQU	0	12/05/22	05:59:25	26.48	NaN	1352.80	243.70	349.66	2.45	40.34	1017.80	-0.45	2.82	90.78	29.00	364.40	9.96	9.92	9.93	0.4160	26.37	25.50
EQU	0	12/05/22	06:00:56	26.52	NaN	1343.50	241.77	350.75	2.45	40.37	1017.80	-0.53	2.80	90.00	29.00	365.38	9.96	9.92	9.92	0.4160	26.44	25.62
EQU	0	12/05/22	06:02:26	26.52	NaN	1361.90	245.64	351.91	2.46	40.35	1017.80	-0.74	2.81	89.94	29.00	369.96	9.96	9.92	9.92	0.4160	26.44	25.75
EQU	0	12/05/22	06:03:57	26.48	NaN	1351.20	243.43	352.00	2.46	40.37	1017.70	-0.32	2.83	91.17	29.00	371.55	9.96	9.92	9.91	0.4150	26.50	25.81
EQU	0	12/05/22	06:05:27	26.50	NaN	1322.20	237.32	352.25	2.47	40.39	1017.70	-0.42	2.82	91.56	29.00	371.13	9.96	9.92	9.91	0.4150	26.50	25.87
EQU	0	12/05/22	06:06:58	26.52	NaN	1362.40	245.83	351.29	2.46	40.39	1017.60	-0.64	2.82	91.17	29.00	370.88	9.96	9.92	9.91	0.4150	26.56	25.69
EQU	0	12/05/22	06:08:28	26.43	NaN	1327.10	238.34	348.87	2.44	40.33	1017.60	-0.30	2.81	91.11	29.00	369.25	9.96	9.92	9.92	0.4150	26.56	25.19
EQU	0	12/05/22	06:09:59	26.36	NaN	1294.80	231.63	347.33	2.43	40.42	1017.70	-0.47	2.82	91.84	29.00	361.24	9.96	9.92	9.94	0.4160	26.56	24.75
EQU	0	12/05/22	06:11:30	26.47	NaN	1298.30	232.29	347.75	2.43	40.34	1017.70	-0.64	2.81	91.67	29.00	351.49	9.96	9.92	9.95	0.4160	26.50	24.44
EQU	0	12/05/22	06:13:00	26.36	NaN	1317.70	236.39	346.08	2.42	40.38	1017.60	-0.50	2.83	91.33	29.00	344.63	9.96	9.92	9.95	0.4180	26.50	24.12
EQU	0	12/05/22	06:14:30	26.40	NaN	1279.90	228.51	346.16	2.42	40.36	1017.60	-0.83	2.82	89.28	29.00	343.17	9.96	9.92	9.95	0.4160	26.44	23.94
EQU	0	12/05/22	06:16:01	26.60	NaN	1336.70	240.34	345.79	2.42	40.34	1017.70	-0.82	2.82	90.39	29.00	343.87	9.96	9.92	9.95	0.4160	26.37	24.12
EQU	0	12/05/22	06:17:31	26.68	NaN	1469.00	268.82	347.16	2.43	40.37	1017.60	-0.46	2.81	89.39	29.00	344.18	9.96	9.92	9.95	0.4180	26.31	24.31
EQU	0	12/05/22	06:19:02	26.48	NaN	1439.80	262.40	348.41	2.44	40.34	1017.60	-0.68	2.82	89.61	29.00	342.47	9.96	9.92	9.95	0.4170	26.25	24.81
EQU	0	12/05/22	06:20:32	26.56	NaN	1373.30	248.10	350.04	2.45	40.33	1017.60	-0.72	2.82	88.95	29.00	341.68	9.96	9.92	9.95	0.4170	26.25	25.12
EQU	0	12/05/22	06:22:03	26.57	NaN	1414.10	256.82	352.45	2.47	40.29	1017.60	-0.82	2.80	88.95	29.00	340.64	9.96	9.92	9.95	0.4160	26.31	25.31
EQU	0	12/05/22	06:23:33	26.42	NaN	1398.40	253.47	352.75	2.47	40.31	1017.50	-0.71	2.81	90.44	29.00	338.25	9.96	9.92	9.95	0.4170	26.31	25.37
EQU	0	12/05/22	06:25:03	26.38	NaN	1300.00	232.70	353.50	2.48	40.31	1017.50	-0.57	2.81	89.67	29.00	335.33	9.96	9.92	9.95	0.4170	26.31	25.50
EQU	0	12/05/22	06:26:34	26.45	NaN	1273.90	227.31	354.25	2.48	40.35	1017.50	-0.96	2.79	89.01	29.00	334.94	9.96	9.92	9.94	0.4170	26.31	25.56
EQU-DRAIN	0	12/05/22	06:28:05	26.52	NaN	1369.90	247.41	354.62	2.48	40.32	1017.50	-0.61	2.83	90.72	29.00	333.30	9.96	9.92	9.94	0.4160	26.37	25.62
EQU	0	12/05/22	06:29:56	26.47	NaN	1391.00	251.99	354.25	2.48	40.35	1017.30	-0.43	2.84	91.00	29.00	328.78	9.96	9.92	9.94	0.4170	26.37	25.56
EQU	0	12/05/22	06:31:26	26.35	NaN	1330.70	239.13	354.58	2.48	40.31	1017.50	-0.65	2.83	89.72	29.00	324.17	9.96	9.92	9.94	0.4170	26.44	24.94
EQU	0	12/05/22	06:32:57	26.37	NaN	1258.40	224.16	352.41	2.47	40.35	1017.40	-0.10	2.83	94.89	29.00	318.88	9.96	9.92	9.95	0.4160	26.37	24.50
EQU	0	12/05/22	06:34:27	26.57	NaN	1333.70	239.80	351.25	2.46	40.35	1017.40	-1.16	2.83	90.72	29.00	313.86	9.96	9.92	9.95	0.4180	26.37	24.12
EQU	0	12/05/22	06:35:58	26.47	NaN	1450.50	264.84	351.16	2.46	40.35	1017.30	-0.66	2.81	89.39	29.00	307.73	9.96	9.92	9.95	0.4180	26.31	23.87
EQU	0	12/05/22	06:37:28	26.32	NaN	1370.40	247.54	350.83	2.46	40.28	1017.30	-0.76	2.83	89.39	29.00	312.32	9.96	9.92	9.96	0.4170	26.25	23.75
EQU	0	12/05/22	06:38:59	26.31	NaN	1287.50	230.12	350.83	2.46	40.28	1017.30	-0.73	2.83	93.81	29.00	328.31	9.96	9.92	9.95	0.4170	26.19	24.06
EQU	0	12/05/22	06:40:30	26.29	NaN	1312.90	235.42	353.66	2.48	40.27	1017.30	-0.61	2.82	89.34	29.00	347.14	9.96	9.93	9.95	0.4180	26.19	24.44
EQU	0	12/05/22	06:42:00	26.20	NaN	1284.00	229.40	354.66	2.48	40.26	1017.30	-0.61	2.81	90.50	29.00	356.86	9.96	9.92	9.95	0.4180	26.12	24.81
EQU	0	12/05/22	06:43:30	26.28	NaN	1285.50	229.72	356.33	2.50	40.27	1017.30	-0.50	2.81	90.33	29.00	356.85	9.96	9.93	9.95	0.4170	26.19	25.06
EQU	0	12/05/22	06:45:01	26.12	NaN	1268.40	226.19	357.58	2.51	40.27	1017.20	-0.86	2.80	89.89	29.00	356.87	9.96	9.93	9.95	0.4180	26.19	25.25
EQU	0	12/05/22	06:46:31	26.10	NaN	1296.30	231.97	358.79	2.52	40.25	1017.20	-0.58	2.82	89.72	29.00	357.16	9.96	9.93	9.95	0.4170	26.19	25.31
EQU	0	12/05/22	06:48:02	25.91	NaN	1198.40	211.96	359.83	2.53	40.28	1017.10	-0.79	2.80	89.34	29.00	357.80	9.96	9.93	9.95	0.4180	26.19	25.44
EQU	0	12/05/22	06:49:32	25.85	NaN	1142.90	200.86	360.70	2.53	40.30	1017.20	-0.49	2.82	89.78	29.00	358.92	9.96	9.93	9.95	0.4170	26.25	25.50
EQU	0	12/05/22	06:51:03	26.19	NaN	1198.30	211.96	361.66	2.54	40.30	1017.10	-0.57	2.79	89.12	29.00	359.65	9.96	9.93	9.95	0.4170	26.25	25.56
EQU	0	12/05/22	06:52:33	26.17	NaN	1271.50	226.91	362.41	2.55	40.31	1017.10	-0.59	2.82	90.33	29.00	360.33	9.96	9.93	9.95	0.4170	26.25	25.56
EQU	0	12/05/22	06:54:04	26.03	NaN	1231.60	218.69	363.25	2.55	40.29	1017.10	-0.63	2.83	90.61	29.00	360.52	9.96	9.93	9.94	0.4170	26.31	25.37
EQU	0	12/05/22	06:55:34	26.18	NaN	1247.60	221.99	360.79	2.53	40.29	1017.00	-0.64	2.81	90.22	29.00	360.48	9.96	9.93	9.95	0.4170	26.31	24.69
EQU	0	12/05/22	06:57:04	25.88	NaN	1199.60	212.24	358.87	2.52	40.27	1017.00	-0.63	2.82	89.56	29.00	360.36	9.96	9.93	9.95	0.4170	26.31	24.31
EQU-DRAIN	0	12/05/22	06:58:35	25.95	NaN	1119.20	196.21	357.66	2.51	40.28	1017.10	-0.39	2.83	91.22	29.00	360.43	9.96	9.93	9.95	0.4170	26.31	24.06
EQU	0	12/05/22	07:00:26	25.77	NaN	1113.30	195.05	355.91	2.50	40.28	1017.00	-0.72	2.80	90.22	29.00	359.94	9.96	9.93	9.96	0.4180	26.25	23.75
EQU	0	12/05/22	07:01:57	25.74	NaN	1053.20	183.34	356.33	2.50	40.27	1017.00	-0.58	2.82	91.56	29.00	359.40	9.96	9.93	9.95	0.4170	26.19	23.87
EQU	0	12/05/22	07:03:27	25.85	NaN	1072.30	187.03	358.58	2.52	40.26	1017.10	-0.61	2.82	89.23	29.00	359.01	9.96	9.93	9.95	0.4180	26.12	24.19
EQU	0	12/05/22	07:04:58	25.52	NaN	1053.60	183.39	361.20	2.54	40.21	1017.10	-0.86	2.81	90.72	29.00	359.16	9.96	9.93	9.95	0.4180	26.06	24.62
EQU	0	12/05/22	07:06:29	25.60	NaN	991.47	171.52	364.25	2.56	40.22	1017.10	-0.64	2.81	90.61	29.00	359.26	9.96	9.90	9.95	0.4180	26.06	24.94
EQU	0	12/05/22	07:07:59	25.88	NaN	1069.60	186.50	365.91	2.57	40.19	1016.90	-0.67	2.81	90.78	29.00	359.43	9.96	9.92	9.95	0.4180	26.06	25.12
EQU	0	12/05/22	07:09:30	25.53	NaN	1065.90	185.77	368.20	2.59	40.19	1017.00	-0.52	2.83	91.61	29.00	361.07	9.96	9.93	9.95	0.4180	26.06	25.19
EQU	0	12/05/22	07:11:00	25.75	NaN	1024.90	177.94	368.66	2.60	40.27	1016.90	-0.70	2.83	89.78	29.00	363.49	9.96	9.93	9.95	0.4190	26.12	25.25
EQU	0	12/05/22	07:12:30	25.52	NaN	1038.40	180.51	369.70	2.60	40.23	1016.90	-0.46	2.83	90.61	29.00	364.55	9.96	9.93	9.95	0.4180	26.12	25.37
EQU	0	12/05/22	07:14:01	25.60	NaN	1039.50	180.71	371.37	2.62	40.22	1016.90	-0.40	2.82	88.63	29.00	365.04	9.96	9.93	9.95	0.4170	26.19	25.44
EQU	0	12/05/22	07:15:31	25.74	NaN	1025.30	178.00	371.62	2.62	40.23	1016.90	-0.61	2.78	89.34	29.00	366.28	9.96	9.93	9.95	0.4180	26.19	25.44
EQU	0	12/05/22	07:17:02	25.57	NaN	1024.80	177.92	372.00	2.62	40.24	1016.90	-0.55	2.82	90.17	29.00	374.79	9.96	9.93	9.94	0.4170	26.25	25.56
EQU	0	12/05/22	07:18:32	26.03	NaN	1051.80	183.12	372.25	2.62	40.25	1016.90	-0.67	2.83	90.22	29.00	382.85	9.96	9.93	9.94	0.4170	26.25	25.25
EQU	0	12/05/22	07:20:03	26.23	NaN	1255.50	223.65	370.37	2.61	40.26	1016.90	-0.40	2.83	92.40	29.00	397.79	9.96	9.93	9.95	0.4160	26.25	24.69
EQU	0	12/05/22	07:21:33	25.77	NaN	1289.00	230.53	368.50	2.59	40.19	1016.80	-0.75	2.83	90.89	29.00	403.80	9.96	9.93	9.95	0.4170	26.25	24.25
EQU	0	12/05/22	07:23:04	25.57	NaN	1133.60	199.11	367.75	2.59	40.27	1016.80	-0.63	2.83	89.89	29.00	401.23	9.96	9.93	9.95	0.4170	26.19	24.00
EQU	0	12/05/22	07:24:34	25.71	NaN	1079.30	188.40	366.70	2.58	40.22	1017.00	-0.66	2.82	90.66	29.00	397.92	9.96	9.93	9.96	0.4180	26.19	23.81
EQU	0	12/05/22	07:26:05	25.77	NaN	1095.10	191.48	366.50	2.58	40.21	1016.90	-0.67	2.82	90.83	29.00	395.66	9.96	9.93	9.95	0.4180	26.12	23.94
ATM-DRAIN	0	12/05/22	07:30:52	25.89	NaN	1932.40	379.41	732.79	5.79	40.18	1016.90	-0.94	2.80	99.31	29.00	393.89	9.96	9.93	9.95	0.4180	26.00	24.94
ATM	0	12/05/22	07:32:40	26.00	NaN	1984.80	392.88	740.70	5.87	40.16	1016.80	-0.61	2.82	99.66	29.00	389.15	9.96	9.93	9.95	0.4180	26.06	25.12
ATM	0	12/05/22	07:34:08	26.00	NaN	1959.90	386.46	736.29	5.83	40.17	1016.80	-0.58	2.83	99.60	29.00	380.43	9.96	9.93	9.95	0.4190	26.06	25.25
EQU	0	12/05/22	07:39:32	25.88	NaN	1172.50	206.83	376.75	2.66	40.20	1016.80	-0.64	2.81	90.00	29.00	365.10	9.96	9.93	9.95	0.4180	26.12	25.44
EQU	0	12/05/22	07:41:02	26.12	NaN	1234.60	219.35	375.45	2.65	40.18	1016.70	-1.00	2.80	90.50	29.00	365.19	9.96	9.93	9.95	0.4170	26.19	25.31
EQU	0	12/05/22	07:42:32	26.20	NaN	1317.40	236.46	372.66	2.63	40.18	1016.80	-0.99	2.81	90.39	29.00	364.80	9.96	9.93	9.95	0.4180	26.19	24.81
EQU	0	12/05/22	07:44:03	25.82	NaN	1293.60	231.48	370.37	2.61	40.17	1016.80	-0.99	2.81	90.66	29.00	364.25	9.96	9.93	9.95	0.4170	26.19	24.31
EQU	0	12/05/22	07:45:33	25.91	NaN	1178.10	207.92	368.41	2.59	40.18	1016.80	-0.58	2.83	90.17	29.00	364.14	9.96	9.93	9.95	0.4180	26.12	23.94
EQU	0	12/05/22	07:47:04	25.86	NaN	1194.20	211.13	366.66	2.58	40.15	1016.80	-0.58	2.83	89.06	29.00	363.80	9.96	9.93	9.96	0.4180	26.06	23.69
EQU	0	12/05/22	07:48:34	25.62	NaN	1148.30	201.97	365.87	2.57	40.17	1016.80	-0.67	2.83	91.11	29.00	363.49	9.96	9.93	9.96	0.4180	26.00	23.81
EQU	0	12/05/22	07:50:05	25.73	NaN	1082.50	189.00	366.91	2.58	40.12	1016.70	-0.70	2.83	90.66	29.00	363.44	9.96	9.93	9.95	0.4180	25.94	24.00
EQU	0	12/05/22	07:51:35	25.88	NaN	1143.50	200.99	369.29	2.60	40.12	1016.70	-1.26	2.82	91.17	29.00	363.17	9.96	9.93	9.95	0.4190	25.94	24.44
EQU	0	12/05/22	07:53:06	25.88	NaN	1172.30	206.75	372.00	2.62	40.13	1016.70	-0.75	2.84	90.17	29.00	362.89	9.96	9.93	9.95	0.4190	25.94	24.75
EQU	0	12/05/22	07:54:37	26.03	NaN	1187.60	209.83	374.62	2.64	40.14	1016.70	-0.54	2.83	91.00	29.00	362.35	9.96	9.93	9.95	0.4170	25.94	25.00
EQU	0	12/05/22	07:56:08	26.11	NaN	1292.70	231.26	377.87	2.67	40.08	1016.70	-0.70	2.82	89.61	29.00	361.89	9.96	9.93	9.95	0.4180	25.94	25.12
EQU	0	12/05/22	07:57:40	26.03	NaN	1295.60	231.87	378.20	2.67	40.09	1016.70	-0.77	2.83	90.33	29.00	362.12	9.96	9.93	9.95	0.4190	26.00	25.19
EQU-DRAIN	0	12/05/22	07:59:10	26.12	NaN	1314.70	235.84	378.04	2.67	40.10	1016.80	-0.61	2.82	89.94	29.00	362.50	9.96	9.93	9.95	0.4180	26.00	25.25
EQU	0	12/05/22	08:01:02	26.04	NaN	1393.80	252.63	377.87	2.67	40.10	1016.70	-0.61	2.82	90.11	29.00	362.90	9.96	9.93	9.95	0.4190	26.00	25.31
EQU	0	12/05/22	08:02:32	25.67	NaN	1266.30	225.78	379.16	2.68	40.08	1016.70	-0.72	2.83	90.72	29.00	363.03	9.96	9.93	9.95	0.4170	26.06	25.37
EQU	0	12/05/22	08:04:02	25.83	NaN	1172.60	206.81	379.70	2.68	40.11	1016.70	-0.67	2.83	87.48	29.00	363.49	9.96	9.93	9.94	0.4170	26.06	25.06
EQU	0	12/05/22	08:05:33	25.76	NaN	1192.10	210.70	377.29	2.66	40.10	1016.70	-0.34	2.85	88.79	29.00	363.02	9.96	9.93	9.95	0.4190	26.12	24.62
EQU	0	12/05/22	08:07:04	25.55	NaN	1132.20	198.77	376.00	2.65	40.12	1016.70	-0.61	2.82	90.39	29.00	362.63	9.96	9.93	9.95	0.4190	26.06	24.19
EQU	0	12/05/22	08:08:34	25.88	NaN	1116.10	195.61	374.12	2.64	40.12	1016.60	-0.64	2.83	90.66	29.00	362.23	9.96	9.93	9.95	0.4190	26.06	23.87
EQU	0	12/05/22	08:10:05	26.06	NaN	1239.00	220.19	373.20	2.63	40.07	1016.70	-0.99	2.83	85.22	29.00	361.89	9.96	9.93	9.96	0.4180	26.00	23.62
EQU	0	12/05/22	08:11:35	25.96	NaN	1290.00	230.69	372.62	2.63	40.06	1016.70	-0.62	2.83	89.34	29.00	361.52	9.96	9.93	9.96	0.4190	25.94	23.75
EQU	0	12/05/22	08:13:06	26.16	NaN	1322.70	237.51	372.41	2.62	40.05	1016.70	-0.96	2.83	89.61	29.00	361.12	9.96	9.93	9.95	0.4190	25.87	24.00
EQU	0	12/05/22	08:14:37	26.27	NaN	1429.40	260.28	376.79	2.66	40.04	1016.60	-0.89	2.83	88.57	29.00	361.54	9.96	9.93	9.95	0.4190	25.87	24.31
EQU	0	12/05/22	08:16:08	25.88	NaN	1395.70	253.02	378.91	2.68	40.07	1016.60	-0.67	2.84	90.61	29.00	361.73	9.96	9.93	9.95	0.4190	25.87	24.69
EQU	0	12/05/22	08:17:39	25.86	NaN	1233.60	219.11	380.91	2.69	40.06	1016.60	-0.89	2.84	89.72	29.00	361.71	9.96	9.93	9.95	0.4190	25.87	24.87
EQU	0	12/05/22	08:19:09	25.77	NaN	1169.10	206.05	383.33	2.71	40.00	1016.60	-0.88	2.84	90.28	29.00	360.70	9.96	9.93	9.95	0.4190	25.94	25.00
EQU	0	12/05/22	08:20:39	25.85	NaN	1133.40	198.99	383.20	2.71	40.03	1016.60	-0.49	2.86	91.00	29.00	359.93	9.96	9.93	9.95	0.4190	25.94	25.12
EQU	0	12/05/22	08:22:10	25.80	NaN	1128.30	198.00	382.91	2.71	40.04	1016.50	-1.01	2.86	91.33	29.00	360.10	9.96	9.93	9.94	0.4180	25.94	25.25
EQU	0	12/05/22	08:23:41	26.07	NaN	1256.50	223.81	381.50	2.70	40.05	1016.50	-0.50	2.84	89.61	29.00	361.23	9.96	9.93	9.94	0.4170	26.00	25.31
EQU	0	12/05/22	08:25:12	25.95	NaN	1310.80	235.03	381.54	2.70	40.00	1016.50	-0.58	2.85	90.72	29.00	361.40	9.96	9.93	9.93	0.4180	26.00	25.44
EQU	0	12/05/22	08:26:42	25.87	NaN	1259.10	224.40	383.04	2.71	40.10	1016.50	-0.57	2.87	90.00	29.00	360.20	9.96	9.93	9.93	0.4170	26.06	25.44
EQU	0	12/05/22	08:28:13	25.95	NaN	1220.30	216.48	382.79	2.71	40.10	1016.40	-0.70	2.85	89.12	29.00	359.56	9.96	9.93	9.92	0.4170	26.12	25.37
EQU-DRAIN	0	12/05/22	08:29:43	25.89	NaN	1245.10	221.55	381.70	2.70	40.12	1016.40	-0.55	2.82	90.06	29.00	359.91	9.96	9.93	9.93	0.4180	26.12	25.06
EQU	0	12/05/22	08:31:35	25.86	NaN	1182.30	208.80	378.33	2.67	40.12	1016.50	-0.70	2.85	89.89	29.00	360.29	9.96	9.93	9.94	0.4170	26.19	24.44
EQU	0	12/05/22	08:33:05	25.69	NaN	1192.60	210.87	377.29	2.66	40.12	1016.50	-0.70	2.84	89.06	29.00	360.71	9.96	9.93	9.94	0.4180	26.12	24.19
EQU	0	12/05/22	08:34:36	25.59	NaN	1117.80	195.95	376.04	2.65	40.06	1016.50	-0.56	2.85	90.44	29.00	360.35	9.96	9.93	9.95	0.4180	26.12	23.94
EQU	0	12/05/22	08:36:06	25.54	NaN	1117.90	195.96	375.95	2.65	40.10	1016.60	-0.46	2.86	91.17	29.00	361.14	9.96	9.93	9.95	0.4180	26.06	24.19
EQU	0	12/05/22	08:37:37	25.52	NaN	1077.30	188.04	377.12	2.66	40.12	1016.60	-0.73	2.82	88.24	29.00	361.68	9.96	9.93	9.94	0.4180	26.06	24.31
EQU	0	12/05/22	08:39:07	25.71	NaN	1060.10	184.68	380.12	2.69	40.08	1016.60	-0.43	2.84	91.78	29.00	360.74	9.96	9.93	9.94	0.4180	26.06	24.81
EQU	0	12/05/22	08:40:38	25.66	NaN	1095.50	191.54	381.66	2.70	40.04	1016.60	-0.52	2.83	91.39	29.00	359.52	9.96	9.93	9.93	0.4170	26.06	25.06
EQU	0	12/05/22	08:42:08	25.51	NaN	1109.50	194.30	382.95	2.71	40.07	1016.60	-0.60	2.83	91.39	29.00	358.06	9.96	9.93	9.92	0.4170	26.06	25.25
EQU	0	12/05/22	08:43:39	25.74	NaN	1061.40	184.95	384.04	2.72	40.08	1016.60	-0.67	2.83	90.11	29.00	358.75	9.96	9.93	9.91	0.4160	26.06	25.25
EQU	0	12/05/22	08:45:10	25.65	NaN	1148.50	202.04	384.50	2.72	40.13	1016.60	-0.93	1.32	89.61	29.00	358.27	9.96	9.93	9.90	0.4150	26.12	25.31
EQU	0	12/05/22	08:46:40	25.50	NaN	1120.70	196.51	382.79	2.71	40.07	1016.60	-0.72	1.55	90.66	29.00	357.63	9.96	9.93	9.89	0.4140	26.19	25.37
EQU	0	12/05/22	08:48:10	25.43	NaN	1172.40	206.79	381.87	2.70	40.13	1016.70	-0.71	1.12	89.17	29.00	357.27	9.96	9.93	9.87	0.4140	26.19	25.50
EQU	0	12/05/22	08:49:41	25.47	NaN	1203.10	212.94	380.00	2.69	40.12	1016.70	-0.45	1.39	89.72	29.00	358.56	9.96	9.93	9.86	0.4140	26.25	25.56
EQU	0	12/05/22	08:51:11	25.61	NaN	1284.90	229.71	378.25	2.67	40.16	1016.70	-0.99	0.58	88.46	29.00	359.40	9.96	9.93	9.85	0.4130	26.25	25.62
EQU	0	12/05/22	08:52:42	25.62	NaN	1407.30	255.64	375.29	2.65	40.19	1016.60	-2.48	0.05	91.67	29.00	359.74	9.96	9.93	9.86	0.4140	26.31	25.37
EQU	0	12/05/22	08:54:12	25.51	NaN	1490.90	273.86	372.04	2.62	40.21	1016.70	-0.46	0.06	91.00	29.00	359.80	9.96	9.93	9.90	0.4160	26.31	24.94
EQU	0	12/05/22	08:55:42	25.42	NaN	1650.50	310.04	369.45	2.60	40.19	1016.60	-0.62	0.10	89.83	29.00	359.47	9.96	9.93	9.92	0.4170	26.31	24.69
EQU	0	12/05/22	08:57:13	25.35	NaN	1742.20	331.66	367.75	2.59	40.18	1016.60	-0.66	0.11	89.61	29.00	360.48	9.96	9.93	9.94	0.4180	26.31	24.31
EQU	0	12/05/22	08:58:43	25.28	NaN	1826.10	352.02	366.54	2.58	40.17	1016.60	-0.70	0.14	90.89	29.00	360.37	9.96	9.93	9.94	0.4180	26.25	24.19
EQU-DRAIN	0	12/05/22	09:00:14	25.20	NaN	1934.90	379.13	365.29	2.57	40.15	1016.60	-0.70	0.08	89.94	29.00	359.61	9.96	9.93	9.94	0.4180	26.19	23.94
EQU	0	12/05/22	09:02:05	25.11	NaN	1949.50	382.84	362.50	2.55	40.16	1016.60	-0.64	0.07	90.39	29.00	358.82	9.96	9.93	9.94	0.4170	26.19	24.25
EQU	0	12/05/22	09:03:36	25.03	NaN	1952.60	383.66	363.20	2.55	40.16	1016.60	-0.70	0.07	90.17	29.00	358.79	9.96	9.93	9.94	0.4180	26.12	24.56
EQU	0	12/05/22	09:05:06	24.97	NaN	1950.20	383.04	362.91	2.55	40.18	1016.60	-0.67	0.05	90.28	29.00	359.01	9.96	9.93	9.93	0.4180	26.12	24.94
EQU	0	12/05/22	09:06:37	24.93	NaN	1941.10	380.62	363.66	2.56	40.10	1016.70	-0.69	0.06	90.17	29.00	359.08	9.96	9.93	9.91	0.4170	26.12	25.12
EQU	0	12/05/22	09:08:07	24.90	NaN	1934.00	378.91	363.58	2.56	40.15	1016.60	-0.67	0.05	90.28	29.00	358.79	9.96	9.93	9.91	0.4170	26.12	25.25
EQU	0	12/05/22	09:09:38	24.88	NaN	1921.80	375.80	362.95	2.55	40.17	1016.60	-0.64	0.05	90.44	29.00	358.20	9.96	9.93	9.90	0.4160	26.19	25.31
STD1	0	12/05/22	09:14:25	24.88	0.00	-48.35	-0.36	7.00	0.04	40.18	1016.50	-0.64	0.07	65.71	29.00	358.79	9.96	9.93	9.87	0.4150	26.25	25.50
STD1	0	12/05/22	09:15:52	24.89	0.00	-48.47	-0.38	5.54	0.03	40.23	1016.40	-0.64	0.06	65.85	29.00	359.10	9.96	9.93	9.86	0.4150	26.31	25.44
STD1	0	12/05/22	09:17:18	24.89	0.00	-48.55	-0.39	4.25	0.03	40.27	1016.40	-0.70	0.05	65.94	29.00	359.42	9.96	9.93	9.89	0.4150	26.31	25.19
STD2	0	12/05/22	09:22:04	24.84	608.37	2904.50	662.94	5.83	0.04	40.25	1016.40	-0.68	0.05	67.00	29.00	359.00	9.96	9.93	9.94	0.4190	26.25	24.25
STD2	0	12/05/22	09:23:31	24.80	608.37	2916.90	666.97	8.33	0.05	40.18	1016.30	-0.80	0.06	66.22	29.00	358.48	9.96	9.93	9.94	0.4190	26.19	23.94
STD2	0	12/05/22	09:24:57	24.76	608.37	2920.70	668.13	8.12	0.05	40.16	1016.40	-0.67	0.05	65.94	29.00	358.50	9.96	9.93	9.94	0.4170	26.12	24.25
STD3-DRAIN	0	12/05/22	09:29:44	24.66	1514.51	4867.30	1504.80	5.42	0.03	40.14	1016.30	-0.69	0.05	66.45	29.00	358.33	9.96	9.93	9.91	0.4170	26.06	25.06
STD3	0	12/05/22	09:31:32	24.65	1514.51	4879.20	1511.10	6.04	0.04	40.17	1016.40	-0.74	0.05	65.94	29.00	358.94	9.96	9.93	9.90	0.4160	26.12	25.25
STD3	0	12/05/22	09:32:58	24.65	1514.51	4850.70	1496.00	7.08	0.04	40.14	1016.40	-0.66	0.08	65.90	29.00	359.71	9.96	9.93	9.89	0.4160	26.12	25.31
ATM	0	12/05/22	09:37:44	24.66	NaN	1937.90	381.13	734.04	5.81	40.20	1016.30	-0.64	0.05	100.19	29.00	358.69	9.96	9.93	9.86	0.4160	26.19	25.44
ATM	0	12/05/22	09:39:11	24.67	NaN	1942.70	382.37	741.25	5.88	40.23	1016.40	-0.63	0.05	100.31	29.00	358.05	9.96	9.93	9.85	0.4140	26.25	25.44
ATM	0	12/05/22	09:40:40	24.68	NaN	1936.50	380.74	731.29	5.78	40.18	1016.30	-0.64	0.06	100.07	29.00	357.72	9.96	9.93	9.87	0.4160	26.25	25.19
EQU	0	12/05/22	09:46:03	24.59	NaN	1755.60	335.08	377.00	2.66	40.21	1016.20	-0.72	0.08	88.46	29.00	359.18	9.96	9.93	9.94	0.4190	26.19	24.12
EQU	0	12/05/22	09:47:33	24.55	NaN	1775.10	339.75	372.70	2.63	40.20	1016.30	-0.71	0.06	90.28	29.00	358.28	9.96	9.93	9.94	0.4180	26.12	24.12
EQU	0	12/05/22	09:49:04	24.51	NaN	1762.60	336.73	378.20	2.67	40.17	1016.30	-0.67	0.07	87.70	29.00	358.41	9.96	9.93	9.93	0.4190	26.12	24.31
EQU	0	12/05/22	09:50:34	24.47	NaN	1749.10	333.49	376.20	2.66	40.20	1016.30	-0.77	0.07	90.11	29.00	358.81	9.96	9.93	9.93	0.4190	26.06	24.69
EQU	0	12/05/22	09:52:05	24.44	NaN	1736.10	330.37	376.54	2.66	40.21	1016.30	-0.64	0.05	90.78	29.00	358.58	9.96	9.93	9.91	0.4180	26.06	25.00
EQU	0	12/05/22	09:53:35	24.43	NaN	1724.00	327.48	377.50	2.67	40.18	1016.30	-0.66	0.05	90.78	29.00	358.03	9.96	9.93	9.90	0.4170	26.06	25.12
EQU	0	12/05/22	09:55:06	24.42	NaN	1712.50	324.76	379.16	2.68	40.19	1016.30	-0.63	0.08	90.44	29.00	357.59	9.96	9.93	9.89	0.4170	26.06	25.25
EQU	0	12/05/22	09:56:36	24.42	NaN	1701.40	322.12	380.70	2.69	40.16	1016.30	-0.62	0.05	90.11	29.00	357.70	9.96	9.93	9.87	0.4170	26.12	25.31
EQU	0	12/05/22	09:58:07	24.42	NaN	1691.10	319.62	380.66	2.69	40.13	1016.30	-0.70	0.05	90.44	29.00	358.22	9.96	9.93	9.86	0.4150	26.12	25.37
EQU-DRAIN	0	12/05/22	09:59:37	24.42	NaN	1681.10	317.34	381.16	2.70	40.18	1016.30	-0.64	0.05	90.22	29.00	358.26	9.96	9.93	9.85	0.4150	26.19	25.44
EQU	0	12/05/22	10:01:29	24.44	NaN	1672.10	315.22	381.37	2.70	40.16	1016.20	-0.62	0.05	90.44	29.00	358.14	9.96	9.93	9.84	0.4150	26.19	25.50
EQU	0	12/05/22	10:02:59	24.44	NaN	1660.80	312.01	382.50	2.70	39.57	1016.20	-0.67	0.06	90.22	29.00	357.72	9.96	9.93	9.85	0.4140	26.25	25.94
EQU	0	12/05/22	10:04:30	24.45	NaN	1649.50	308.94	379.45	2.67	39.12	1016.20	-0.77	0.06	90.39	29.00	357.26	9.96	9.93	9.88	0.4160	26.25	25.56
EQU	0	12/05/22	10:06:00	24.46	NaN	1645.50	307.60	375.12	2.64	38.70	1016.20	-0.81	0.06	90.72	29.00	356.93	9.96	9.93	9.91	0.4160	26.19	25.31
EQU	0	12/05/22	10:07:31	24.45	NaN	1638.60	305.58	372.16	2.61	38.28	1016.20	-0.87	0.05	90.50	29.00	356.27	9.96	9.93	9.92	0.4180	26.12	24.94
EQU	0	12/05/22	10:09:01	24.44	NaN	1632.90	303.94	370.58	2.59	37.98	1016.20	-0.95	0.06	91.28	29.00	354.39	9.96	9.93	9.93	0.4180	26.06	24.69
EQU	0	12/05/22	10:10:31	24.43	NaN	1627.40	302.30	372.37	2.60	37.56	1016.20	-0.91	0.05	90.89	29.00	352.03	9.96	9.93	9.93	0.4190	26.00	24.50
EQU	0	12/05/22	10:12:02	24.41	NaN	1623.80	301.19	378.54	2.65	37.28	1016.20	-0.90	0.05	88.24	29.00	350.89	9.96	9.93	9.91	0.4180	25.94	24.62
EQU	0	12/05/22	10:13:33	24.39	NaN	1587.20	292.69	386.58	2.71	37.04	1016.20	-0.87	0.08	91.28	29.00	350.60	9.96	9.93	9.90	0.4170	25.94	24.94
EQU	0	12/05/22	10:15:03	24.38	NaN	1583.10	291.60	393.16	2.76	36.83	1016.20	-0.78	0.06	91.28	29.00	351.02	9.96	9.93	9.87	0.4160	25.87	25.25
EQU	0	12/05/22	10:16:33	24.38	NaN	1572.60	289.02	397.45	2.79	36.62	1016.20	-0.75	0.06	91.05	29.00	351.21	9.96	9.93	9.84	0.4150	25.87	25.44
EQU	0	12/05/22	10:18:03	24.38	NaN	1606.40	296.36	397.41	2.79	36.31	1016.10	-0.75	0.07	91.44	29.00	351.32	9.96	9.92	9.82	0.4150	25.94	25.56
EQU	0	12/05/22	10:19:34	24.38	NaN	1603.00	295.49	400.33	2.81	36.20	1016.20	-0.70	0.07	91.50	29.00	351.34	9.96	9.92	9.80	0.4140	25.94	25.62
EQU	0	12/05/22	10:21:04	24.39	NaN	1600.10	294.58	401.54	2.82	35.92	1016.20	-0.75	0.06	91.56	29.00	351.42	9.96	9.92	9.78	0.4130	25.94	25.69
EQU	0	12/05/22	10:22:35	24.41	NaN	1596.90	293.72	403.50	2.84	35.76	1016.10	-0.68	0.05	91.72	29.00	351.58	9.96	9.92	9.73	0.4110	25.94	25.81
EQU	0	12/05/22	10:24:06	24.42	NaN	1594.80	293.20	404.87	2.85	35.71	1016.10	-0.70	0.06	91.50	29.00	351.71	9.96	9.92	9.66	0.4090	26.00	25.87
EQU	0	12/05/22	10:25:36	24.44	NaN	1592.70	292.47	404.83	2.84	35.44	1016.10	-0.73	0.06	91.50	29.00	351.92	9.96	9.92	9.60	0.4060	26.00	25.75
EQU	0	12/05/22	10:27:07	24.46	NaN	1591.40	292.07	399.91	2.80	35.33	1016.10	-0.78	0.05	91.72	29.00	351.88	9.96	9.92	9.73	0.4110	26.00	25.44
EQU	0	12/05/22	10:28:37	24.46	NaN	1590.10	291.54	394.25	2.76	35.11	1016.10	-0.87	0.05	91.72	29.00	351.66	9.96	9.92	9.84	0.4160	26.00	24.94
EQU-DRAIN	0	12/05/22	10:30:08	24.45	NaN	1589.80	291.23	390.62	2.72	34.85	1016.10	-0.90	0.06	91.78	29.00	351.79	9.96	9.92	9.89	0.4190	25.94	24.62
EQU	0	12/05/22	10:32:00	24.44	NaN	1590.20	291.09	388.16	2.70	34.61	1016.10	-0.99	0.05	92.12	29.00	353.55	9.96	9.93	9.90	0.4190	25.87	24.50
EQU	0	12/05/22	10:33:30	24.42	NaN	1558.20	283.72	391.66	2.73	34.42	1016.30	-1.03	0.06	91.39	29.00	356.74	9.96	9.93	9.92	0.4190	25.81	24.31
EQU	0	12/05/22	10:35:00	24.40	NaN	1569.10	286.09	390.91	2.72	34.34	1016.20	-1.04	0.05	92.28	29.00	359.88	9.96	9.93	9.92	0.4200	25.75	24.44
EQU	0	12/05/22	10:36:31	24.37	NaN	1566.40	285.35	396.79	2.77	34.21	1016.30	-0.90	0.07	92.17	29.00	359.97	9.96	9.93	9.91	0.4200	25.69	24.75
EQU	0	12/05/22	10:38:02	24.35	NaN	1570.30	286.16	404.04	2.82	34.12	1016.30	-0.84	0.05	92.28	29.00	359.50	9.96	9.93	9.91	0.4190	25.69	25.06
EQU	0	12/05/22	10:39:34	24.34	NaN	1571.20	286.32	408.50	2.86	34.05	1016.20	-0.76	0.06	92.28	29.00	359.29	9.96	9.93	9.90	0.4190	25.69	25.25
EQU	0	12/05/22	10:41:05	24.34	NaN	1567.80	285.48	410.79	2.88	33.95	1016.20	-0.77	0.05	92.12	29.00	359.63	9.96	9.93	9.88	0.4190	25.69	25.37
EQU	0	12/05/22	10:42:36	31.44	NaN	1532.30	277.57	410.33	2.87	33.85	1016.10	-0.77	0.05	92.12	29.00	359.63	9.96	9.93	9.88	0.4190	25.75	25.50
SHUT DOWN	0	12/05/22	10:42:42
