Type	error	PC Date	PC Time	equ temp	std val	CO2 mv	CO2 um/m	H2O mv	H2O mm/m	licor temp	licor press	equ press	H2O flow	licor flow	equ pump	vent flow	atm cond	equ cond	drip 1	drip 2	cond temp	dry box temp
STD1z	0	12/10/22	06:56:32	25.82	0.00	-38.75	0.85	13.71	0.08	27.81	1016.20	-2.39	0.92	71.44	29.00	7.43	9.95	9.96	7.81	0.3350	4.25	20.87
STD4s	0	12/10/22	07:01:23	25.89	0.00	6072.80	1973.60	12.83	0.08	27.62	1016.20	-2.08	2.59	70.29	29.00	6.77	9.95	9.96	8.23	0.3530	4.25	21.25
STD1	0	12/10/22	07:06:10	25.99	0.00	-40.08	-0.19	12.62	0.08	28.02	1016.20	-1.46	2.52	71.97	29.00	-13.46	9.95	9.96	5.39	0.2320	4.44	22.81
STD2	0	12/10/22	07:10:56	26.02	608.37	3192.40	691.24	15.12	0.09	27.54	1016.20	-2.03	2.53	72.12	29.00	-9.28	9.95	9.96	6.64	0.2850	4.75	21.69
STD3	0	12/10/22	07:15:42	25.96	1491.50	5280.70	1557.50	14.96	0.09	27.16	1016.20	-2.23	2.59	70.39	29.00	8.68	9.95	9.96	8.17	0.3490	4.25	20.75
STD4	0	12/10/22	07:20:28	26.00	1976.50	6058.00	1992.70	13.50	0.08	27.23	1016.10	-1.78	2.67	70.96	29.00	-17.49	9.95	9.96	6.41	0.2750	4.62	21.75
ATM-DRAIN	0	12/10/22	07:24:55	26.11	NaN	2099.70	384.55	500.70	3.53	27.24	1015.90	-1.59	2.67	115.60	29.00	-13.28	9.95	9.96	5.03	0.2180	4.37	22.37
ATM	0	12/10/22	07:26:42	26.09	NaN	2110.40	387.40	509.91	3.61	27.43	1015.90	-1.08	2.61	118.97	29.00	-14.62	9.95	9.96	3.95	0.1720	4.44	22.81
ATM	0	12/10/22	07:28:09	26.11	NaN	2108.50	387.12	512.33	3.63	27.58	1015.90	-1.11	1.75	116.25	29.00	-13.55	9.95	9.96	3.37	0.1480	4.56	23.19
ATM	0	12/10/22	07:29:36	26.23	NaN	2121.40	390.32	524.83	3.73	27.62	1015.90	-0.58	2.34	116.45	29.00	-15.72	9.95	9.96	2.74	0.1210	4.81	23.31
ATM	0	12/10/22	07:31:03	26.27	NaN	2116.40	389.19	525.50	3.74	27.67	1015.90	-1.08	2.52	115.20	29.00	2.92	9.95	9.96	2.84	0.1250	4.94	22.69
EQU	0	12/10/22	07:36:05	26.30	NaN	5752.80	1817.70	290.87	1.92	27.56	1016.00	-1.48	2.50	98.78	29.00	33.21	9.95	9.96	4.33	0.1880	4.25	22.31
EQU	0	12/10/22	07:38:36	26.33	NaN	5670.20	1770.90	273.62	1.79	27.45	1015.90	-1.55	2.40	98.37	29.00	47.11	9.95	9.96	5.26	0.2260	4.50	22.06
EQU	0	12/10/22	07:41:06	26.28	NaN	5692.10	1782.80	261.12	1.70	27.39	1015.90	-1.61	2.34	97.90	29.00	45.65	9.95	9.96	6.15	0.2640	4.56	21.87
EQU	0	12/10/22	07:43:36	26.22	NaN	5668.90	1769.10	250.25	1.62	27.28	1015.90	-1.58	2.16	98.25	29.00	36.83	9.95	9.96	7.10	0.3040	4.44	21.94
EQU	0	12/10/22	07:46:07	26.31	NaN	5679.90	1773.60	242.29	1.57	27.16	1016.10	-1.82	2.38	98.13	29.00	45.08	9.95	9.96	7.79	0.3320	4.44	21.75
EQU	0	12/10/22	07:48:37	26.35	NaN	5691.20	1779.30	239.54	1.55	27.16	1016.30	-1.47	2.29	98.72	29.00	37.88	9.95	9.96	7.54	0.3210	4.31	21.94
EQU	0	12/10/22	07:51:07	26.41	NaN	5660.70	1761.00	234.33	1.51	27.03	1016.50	-1.67	2.17	98.42	29.00	32.38	9.95	9.96	8.16	0.3470	5.00	21.81
EQU-DRAIN	0	12/10/22	07:53:37	26.37	NaN	5642.10	1753.10	242.50	1.57	27.37	1016.30	-0.58	2.49	98.37	29.00	57.29	9.95	9.96	6.89	0.2950	4.31	23.06
EQU	0	12/10/22	07:56:28	26.46	NaN	5693.40	1785.10	264.12	1.73	27.85	1016.20	-0.41	2.37	98.13	29.00	23.05	9.95	9.96	2.78	0.1240	4.69	24.25
EQU	0	12/10/22	07:58:58	26.42	NaN	5727.70	1805.10	272.16	1.78	27.96	1016.30	-0.32	2.63	97.72	29.00	29.29	9.95	9.96	2.53	0.1140	4.44	23.56
EQU	0	12/10/22	08:01:28	26.31	NaN	5699.00	1788.50	269.83	1.77	27.88	1016.20	-0.39	2.61	97.96	29.00	35.37	9.95	9.96	3.08	0.1360	4.56	22.81
EQU	0	12/10/22	08:03:58	26.33	NaN	5644.60	1757.50	260.33	1.70	27.81	1016.20	-0.47	2.57	96.39	29.00	23.51	9.95	9.96	4.14	0.1780	4.75	22.56
EQU	0	12/10/22	08:06:28	26.32	NaN	5626.80	1747.20	250.54	1.63	27.86	1016.50	-0.70	2.63	97.72	29.00	23.80	9.95	9.96	5.02	0.2160	4.37	22.44
EQU	0	12/10/22	08:08:58	26.33	NaN	5607.90	1736.80	244.41	1.59	27.84	1016.40	-0.79	2.26	97.49	29.00	24.59	9.95	9.96	5.87	0.2510	4.69	22.44
EQU	0	12/10/22	08:11:29	26.28	NaN	5602.90	1734.80	240.41	1.56	27.84	1016.10	-0.57	1.94	97.14	29.00	24.59	9.95	9.96	6.57	0.2790	4.37	22.44
EQU	0	12/10/22	08:13:59	26.26	NaN	5547.00	1702.50	234.00	1.51	27.57	1016.20	-0.96	2.61	96.27	29.00	26.10	9.95	9.96	7.62	0.3250	4.56	22.00
EQU	0	12/10/22	08:16:29	26.32	NaN	5457.40	1653.20	226.58	1.46	27.43	1016.20	-1.20	2.58	98.13	29.00	21.70	9.95	9.96	8.44	0.3580	4.37	21.75
EQU	0	12/10/22	08:18:59	26.31	NaN	5444.30	1645.40	222.54	1.43	27.33	1016.20	-1.14	2.57	97.84	29.00	17.39	9.95	9.96	8.78	0.3720	4.62	21.87
EQU	0	12/10/22	08:21:29	26.29	NaN	5449.80	1648.10	220.75	1.42	27.37	1016.40	-1.46	0.95	97.43	29.00	51.78	9.95	9.96	8.85	0.3750	4.25	21.94
EQU-DRAIN	0	12/10/22	08:23:59	26.35	NaN	5455.20	1651.90	227.95	1.47	27.59	1016.50	-0.45	2.65	98.13	29.00	37.33	9.95	9.96	8.12	0.3450	4.87	22.87
EQU	0	12/10/22	08:26:50	26.27	NaN	5438.50	1645.00	239.58	1.55	27.93	1016.50	-0.30	2.50	97.96	29.00	21.81	9.95	9.96	6.69	0.2840	4.87	23.62
EQU	0	12/10/22	08:29:21	26.37	NaN	5516.00	1686.70	242.91	1.58	28.04	1016.70	-0.50	2.67	97.55	29.00	28.70	9.95	9.96	5.86	0.2510	4.87	23.62
EQU	0	12/10/22	08:31:52	26.29	NaN	5449.80	1651.60	250.70	1.63	28.15	1016.70	-0.31	2.67	98.13	29.00	23.09	9.95	9.96	4.37	0.1880	4.62	23.81
EQU	0	12/10/22	08:34:22	26.17	NaN	5396.70	1623.70	254.37	1.66	28.06	1016.40	-0.40	2.58	98.54	29.00	31.52	9.96	9.96	4.03	0.1730	4.44	23.44
EQU	0	12/10/22	08:36:52	26.23	NaN	5389.00	1621.60	261.95	1.71	28.42	1016.40	-0.28	2.64	98.25	29.00	25.77	9.96	9.96	4.02	0.1740	4.75	23.94
EQU	0	12/10/22	08:39:22	26.25	NaN	5355.40	1605.40	268.70	1.76	28.70	1016.40	-0.22	2.65	98.25	29.00	22.87	9.96	9.96	3.69	0.1600	4.75	24.37
EQU	0	12/10/22	08:41:52	26.28	NaN	5328.10	1592.40	273.25	1.80	28.97	1016.50	-0.16	2.63	97.84	29.00	26.91	9.96	9.96	3.36	0.1470	4.50	24.62
EQU	0	12/10/22	08:44:22	26.33	NaN	5301.40	1579.90	276.58	1.82	29.25	1016.50	-0.16	2.57	97.26	29.00	20.83	9.96	9.96	3.08	0.1350	4.81	24.87
EQU	0	12/10/22	08:46:52	26.33	NaN	5225.30	1541.10	274.91	1.81	29.31	1016.40	-0.25	2.66	97.90	29.00	27.57	9.96	9.96	3.03	0.1330	4.62	24.62
EQU	0	12/10/22	08:49:23	26.35	NaN	5203.70	1529.50	266.20	1.75	29.25	1016.50	-0.22	2.65	96.91	29.00	17.10	9.96	9.96	3.93	0.1690	4.50	24.19
EQU	0	12/10/22	08:51:53	26.34	NaN	5145.30	1499.30	256.37	1.68	29.16	1016.50	-0.25	2.64	97.55	29.00	21.88	9.96	9.96	4.93	0.2110	4.94	23.87
EQU-DRAIN	0	12/10/22	08:54:23	26.38	NaN	4999.20	1425.20	247.12	1.61	28.93	1016.70	-0.34	2.63	97.78	29.00	24.99	9.96	9.96	6.09	0.2590	4.87	23.50
EQU	0	12/10/22	08:57:14	26.44	NaN	4875.50	1367.20	249.20	1.63	29.30	1016.70	-0.14	2.66	97.20	29.00	2.72	9.96	9.96	4.50	0.1940	4.62	24.62
EQU	0	12/10/22	08:59:44	26.41	NaN	4877.20	1369.00	263.16	1.73	29.45	1016.60	-0.69	1.01	96.62	29.00	22.45	9.96	9.96	3.56	0.1550	4.94	24.87
EQU	0	12/10/22	09:02:14	26.42	NaN	4905.00	1383.30	271.45	1.79	29.68	1016.60	-0.16	2.69	97.96	29.00	31.82	9.96	9.96	3.69	0.1600	4.56	25.00
EQU	0	12/10/22	09:04:44	26.33	NaN	4892.50	1378.30	275.50	1.82	29.92	1016.70	-0.13	2.39	97.84	29.00	22.56	9.96	9.96	3.44	0.1490	4.69	25.25
EQU	0	12/10/22	09:07:15	26.41	NaN	4850.00	1358.40	273.25	1.80	30.05	1016.80	-0.13	2.53	97.78	29.00	20.58	9.96	9.96	3.30	0.1440	4.81	25.00
EQU	0	12/10/22	09:09:45	26.42	NaN	4788.00	1328.90	268.70	1.77	30.06	1016.90	-0.23	2.63	96.91	29.00	20.97	9.96	9.96	4.13	0.1770	4.50	24.56
EQU	0	12/10/22	09:12:15	26.46	NaN	4717.40	1294.90	258.54	1.70	29.94	1017.10	-0.22	2.70	98.42	29.00	24.72	9.96	9.96	5.22	0.2220	4.81	24.19
EQU	0	12/10/22	09:14:45	26.52	NaN	4639.50	1259.20	254.66	1.67	29.94	1017.10	-0.15	2.70	97.66	29.00	41.38	9.96	9.96	5.12	0.2190	4.69	24.31
EQU	0	12/10/22	09:17:15	26.49	NaN	4577.10	1230.30	253.16	1.66	29.85	1017.30	-0.20	2.71	97.37	29.00	30.64	9.96	9.96	5.07	0.2160	4.44	24.31
EQU	0	12/10/22	09:19:45	26.42	NaN	4552.90	1220.60	258.41	1.70	30.03	1017.10	-0.36	1.41	97.14	29.00	23.15	9.96	9.96	5.25	0.2240	5.06	24.62
EQU	0	12/10/22	09:22:16	26.33	NaN	4546.60	1218.60	262.79	1.73	30.19	1017.00	-0.16	2.02	97.43	29.00	22.06	9.96	9.96	5.37	0.2280	4.56	25.12
EQU-DRAIN	0	12/10/22	09:24:46	26.47	NaN	4488.70	1193.80	265.20	1.75	30.39	1017.00	-0.14	2.45	100.61	29.00	6.40	9.96	9.96	5.34	0.2270	4.50	25.37
EQU	0	12/10/22	09:27:37	26.54	NaN	4479.00	1190.40	264.87	1.75	30.59	1016.90	-0.06	2.43	97.43	29.00	7.15	9.96	9.96	5.03	0.2140	4.50	25.50
EQU	0	12/10/22	09:30:07	26.52	NaN	4465.20	1184.00	261.87	1.72	30.50	1017.00	-0.14	2.07	97.66	29.00	0.78	9.96	9.96	5.85	0.2470	4.62	25.00
EQU	0	12/10/22	09:32:37	26.47	NaN	4395.90	1152.70	251.95	1.65	30.36	1017.20	-0.16	2.44	97.55	29.00	3.31	9.96	9.96	6.94	0.2920	4.75	24.44
EQU	0	12/10/22	09:35:08	26.52	NaN	4286.90	1106.30	243.29	1.59	30.36	1017.10	-0.16	2.72	97.66	29.00	6.83	9.96	9.96	6.88	0.2900	4.44	24.69
EQU	0	12/10/22	09:37:37	26.48	NaN	4267.80	1098.60	244.20	1.60	30.40	1017.00	-0.22	2.74	98.13	29.00	10.48	9.96	9.96	6.21	0.2630	5.00	24.75
EQU	0	12/10/22	09:40:08	26.36	NaN	4216.50	1077.00	251.33	1.65	30.30	1017.00	-0.16	2.74	98.25	29.00	12.05	9.96	9.96	6.35	0.2680	4.56	24.62
EQU	0	12/10/22	09:42:38	26.32	NaN	4182.00	1063.10	257.04	1.69	30.42	1017.00	-0.13	2.12	98.25	29.00	10.97	9.96	9.96	6.42	0.2720	4.50	25.06
EQU	0	12/10/22	09:45:08	26.36	NaN	4155.60	1052.90	259.33	1.71	30.61	1017.00	-0.19	2.59	98.01	29.00	18.00	9.96	9.96	6.53	0.2760	4.94	25.50
EQU	0	12/10/22	09:47:38	26.41	NaN	4134.60	1044.60	257.70	1.69	30.64	1016.90	-0.09	2.64	98.01	29.00	12.25	9.96	9.96	6.65	0.2800	4.56	25.50
EQU	0	12/10/22	09:50:08	26.41	NaN	4133.50	1043.80	252.83	1.66	30.60	1017.00	-0.17	2.72	99.01	29.00	3.74	9.96	9.96	7.49	0.3150	4.81	25.00
EQU	0	12/10/22	09:52:39	26.47	NaN	4137.40	1045.10	244.83	1.60	30.49	1016.90	-0.21	2.73	97.49	29.00	7.19	9.96	9.96	8.28	0.3480	4.62	24.50
EQU-DRAIN	0	12/10/22	09:55:09	26.56	NaN	4144.30	1047.20	235.00	1.53	30.30	1016.90	-0.28	2.33	98.19	29.00	14.62	9.96	9.96	8.90	0.3720	4.50	23.94
EQU	0	12/10/22	09:58:00	26.60	NaN	4109.20	1032.40	228.12	1.48	30.19	1017.00	-0.13	2.75	98.13	29.00	4.30	9.96	9.96	9.16	0.3830	4.50	24.06
EQU	0	12/10/22	10:00:30	26.51	NaN	4066.80	1015.20	228.70	1.49	30.18	1017.00	-0.28	2.78	98.95	29.00	3.80	9.96	9.96	8.36	0.3510	4.50	24.44
EQU	0	12/10/22	10:03:00	26.45	NaN	4015.80	994.73	234.50	1.53	30.06	1016.90	0.16	2.02	98.01	29.00	45.44	9.96	9.96	8.14	0.3430	4.94	24.44
EQU	0	12/10/22	10:05:30	26.54	NaN	4017.90	996.39	243.08	1.59	30.26	1016.80	-0.07	2.38	98.25	29.00	1.59	9.96	9.96	8.28	0.3480	4.56	24.75
EQU	0	12/10/22	10:08:01	26.59	NaN	4072.60	1018.90	246.91	1.62	30.44	1016.70	-0.07	2.15	98.07	29.00	6.05	9.96	9.96	8.34	0.3500	4.69	25.31
EQU	0	12/10/22	10:10:32	26.67	NaN	4014.20	995.72	245.04	1.60	30.48	1016.70	-0.10	2.63	97.96	29.00	3.40	9.96	9.96	8.31	0.3480	4.87	25.12
EQU	0	12/10/22	10:13:02	26.68	NaN	3994.50	987.45	240.79	1.57	30.27	1016.60	-0.37	2.45	99.48	29.00	21.49	9.96	9.96	8.97	0.3760	4.50	24.56
EQU	0	12/10/22	10:15:32	26.60	NaN	3973.70	978.70	232.20	1.51	30.06	1016.50	0.04	2.49	100.13	29.00	6.63	9.96	9.96	9.41	0.3930	4.94	23.75
EQU	0	12/10/22	10:18:02	26.55	NaN	3927.90	960.14	221.62	1.44	29.90	1016.50	0.11	2.74	98.95	29.00	17.44	9.96	9.96	9.65	0.4020	4.75	23.44
EQU	0	12/10/22	10:20:33	26.52	NaN	3869.80	937.35	215.91	1.40	29.80	1016.50	-0.20	2.47	97.02	29.00	1.87	9.96	9.96	9.76	0.4070	4.44	23.50
EQU	0	12/10/22	10:23:03	26.59	NaN	3774.60	900.39	209.00	1.35	29.53	1016.50	-0.43	2.74	98.48	29.00	43.06	9.96	9.96	9.81	0.4100	4.50	23.06
EQU-DRAIN	0	12/10/22	10:25:33	26.81	NaN	3215.50	703.29	204.08	1.31	29.32	1016.50	-0.97	2.76	97.55	29.00	48.18	9.95	9.96	9.85	0.4120	4.87	22.69
EQU	0	12/10/22	10:28:24	26.90	NaN	2904.70	605.36	208.25	1.34	29.37	1016.50	-0.37	2.68	97.66	29.00	46.53	9.95	9.96	9.71	0.4080	4.81	23.37
EQU	0	12/10/22	10:30:54	26.89	NaN	2712.40	548.91	216.91	1.40	29.58	1016.50	-0.37	2.74	97.37	29.00	64.95	9.96	9.96	9.66	0.4050	4.69	24.25
EQU	0	12/10/22	10:33:24	26.92	NaN	2654.40	532.83	224.95	1.46	29.81	1016.40	-0.46	2.75	97.72	29.00	55.20	9.96	9.96	9.54	0.4010	4.44	24.94
EQU	0	12/10/22	10:35:54	26.91	NaN	2639.20	528.35	221.91	1.44	29.74	1016.50	-0.10	2.72	98.31	29.00	39.23	9.96	9.96	9.62	0.4030	5.00	24.44
EQU	0	12/10/22	10:38:25	26.89	NaN	2610.80	520.11	218.33	1.41	29.59	1016.50	-0.23	2.75	98.07	29.00	0.15	9.96	9.96	9.76	0.4080	4.62	23.69
EQU	0	12/10/22	10:40:55	26.83	NaN	2592.20	514.75	212.70	1.37	29.49	1016.40	-0.47	2.72	98.48	29.00	30.91	9.96	9.96	9.84	0.4110	4.37	23.25
EQU	0	12/10/22	10:43:25	26.81	NaN	2590.10	513.80	207.12	1.33	29.32	1016.50	-0.58	2.73	99.31	29.00	31.26	9.95	9.96	9.88	0.4140	4.75	22.75
EQU	0	12/10/22	10:45:55	26.78	NaN	2597.50	515.53	200.16	1.28	29.11	1016.40	-0.68	2.72	98.72	29.00	2.23	9.95	9.96	9.90	0.4120	4.69	22.56
EQU	0	12/10/22	10:48:25	26.73	NaN	2581.90	510.77	193.16	1.24	28.87	1016.40	-1.00	2.74	99.60	29.00	18.56	9.95	9.96	9.91	0.4140	4.31	22.19
EQU	0	12/10/22	10:50:55	26.69	NaN	2567.40	506.89	196.00	1.26	28.96	1016.40	-0.46	2.70	99.66	29.00	30.72	9.95	9.96	9.78	0.4090	4.81	22.94
EQU	0	12/10/22	10:53:25	26.77	NaN	2565.30	506.82	207.50	1.34	29.23	1016.40	-0.43	2.61	99.78	29.00	35.91	9.96	9.96	9.57	0.4020	4.56	24.12
EQU-DRAIN	0	12/10/22	10:55:55	26.76	NaN	2558.20	505.27	220.95	1.43	29.46	1016.40	-0.27	2.30	98.89	29.00	55.68	9.96	9.96	9.26	0.3890	4.44	24.69
EQU	0	12/10/22	10:58:46	26.85	NaN	2566.00	507.38	224.29	1.45	29.46	1016.50	-0.93	1.34	97.96	29.00	37.59	9.96	9.96	9.22	0.3880	4.44	24.31
EQU	0	12/10/22	11:01:16	26.91	NaN	2863.20	593.44	230.45	1.50	29.63	1016.40	-0.27	2.49	97.90	29.00	25.67	9.96	9.96	8.73	0.3680	4.62	24.56
EQU	0	12/10/22	11:03:47	26.60	NaN	3458.50	786.08	229.04	1.49	29.48	1016.40	-0.03	2.43	98.66	29.00	17.38	9.96	9.96	9.07	0.3810	4.81	23.75
EQU	0	12/10/22	11:06:17	26.56	NaN	3615.20	841.06	223.79	1.45	29.30	1016.50	-0.50	1.52	99.01	29.00	-2.36	9.96	9.96	9.61	0.4030	4.44	23.44
EQU	0	12/10/22	11:08:47	26.69	NaN	3670.80	860.88	216.79	1.40	29.13	1016.40	-0.28	2.51	99.25	29.00	-21.51	9.96	9.96	9.73	0.4060	4.44	23.12
EQU	0	12/10/22	11:11:17	26.64	NaN	3646.40	852.01	210.66	1.36	29.13	1016.40	-0.70	2.28	99.78	29.00	44.48	9.95	9.96	9.78	0.4090	4.87	23.06
EQU	0	12/10/22	11:13:47	26.72	NaN	3517.20	805.36	208.66	1.34	28.97	1016.30	-0.23	2.51	99.25	29.00	9.61	9.95	9.96	9.82	0.4110	4.56	22.94
EQU	0	12/10/22	11:16:17	26.76	NaN	3373.40	755.20	204.00	1.31	28.90	1016.30	-0.55	2.58	99.25	29.00	22.21	9.95	9.96	9.80	0.4100	4.37	22.94
EQU	0	12/10/22	11:18:47	26.74	NaN	3338.60	743.99	212.20	1.37	29.10	1016.30	0.07	2.31	98.01	29.00	-15.01	9.95	9.96	9.63	0.4030	4.94	23.75
EQU	0	12/10/22	11:21:17	26.79	NaN	3373.50	756.47	222.70	1.44	29.38	1016.40	0.22	2.70	94.61	29.00	-0.40	9.96	9.96	9.42	0.3960	4.62	24.62
EQU	0	12/10/22	11:23:47	26.68	NaN	3082.80	660.68	225.45	1.46	29.35	1016.40	-0.30	2.80	101.27	29.00	17.85	9.96	9.96	9.01	0.3800	4.50	24.31
EQU-DRAIN	0	12/10/22	11:26:17	26.61	NaN	2778.50	567.85	228.20	1.48	29.34	1016.40	-0.40	2.80	99.72	29.00	44.26	9.96	9.96	8.95	0.3760	4.94	23.81
EQU	0	12/10/22	11:29:09	26.54	NaN	2545.80	501.58	228.12	1.48	29.21	1016.30	0.05	2.33	98.72	29.00	53.94	9.95	9.96	9.36	0.3920	4.50	23.44
EQU	0	12/10/22	11:31:39	26.84	NaN	2604.70	517.68	222.08	1.44	29.11	1016.30	-0.45	2.75	99.01	29.00	75.59	9.96	9.96	9.66	0.4040	5.00	23.19
EQU	0	12/10/22	11:34:09	27.04	NaN	2651.40	530.70	216.33	1.40	29.08	1016.40	-0.37	2.15	98.54	29.00	13.48	9.95	9.96	9.75	0.4080	4.75	23.06
EQU	0	12/10/22	11:36:39	27.16	NaN	2512.00	491.82	212.83	1.37	29.00	1016.40	-0.62	2.77	100.13	29.00	-5.78	9.95	9.96	9.77	0.4100	4.44	23.06
EQU	0	12/10/22	11:39:09	27.11	NaN	2450.40	474.98	208.87	1.34	28.84	1016.30	-0.53	1.49	100.25	29.00	7.41	9.95	9.96	9.81	0.4110	4.62	22.69
EQU	0	12/10/22	11:41:39	27.14	NaN	2431.80	469.80	204.50	1.31	28.71	1016.30	-0.79	2.37	99.78	29.00	49.67	9.95	9.96	9.83	0.4130	4.56	22.50
EQU	0	12/10/22	11:44:09	27.13	NaN	2421.40	466.81	201.45	1.29	28.61	1016.40	-1.44	2.68	100.43	29.00	68.62	9.95	9.96	9.83	0.4130	4.37	22.50
EQU	0	12/10/22	11:46:39	27.06	NaN	2421.00	466.57	204.37	1.31	28.48	1016.30	-0.31	2.74	100.91	29.00	56.29	9.95	9.96	9.64	0.4040	4.94	22.81
STD1z	0	12/10/22	11:51:30	27.11	0.00	-44.33	-0.77	14.87	0.09	28.80	1016.30	-0.40	2.83	71.78	29.00	37.00	9.95	9.96	8.76	0.3700	4.50	24.06
STD4s-DRAIN	0	12/10/22	11:56:20	27.09	0.00	6053.80	2007.40	16.29	0.10	29.26	1016.00	-0.26	2.36	72.70	29.00	82.37	9.96	9.96	6.78	0.2870	4.50	24.75
STD1	0	12/10/22	12:01:28	27.15	0.00	-41.95	0.33	11.42	0.07	29.03	1015.90	-0.22	2.65	70.77	29.00	-6.41	9.96	9.96	9.15	0.3830	4.56	23.44
STD2	0	12/10/22	12:06:15	27.18	608.37	3169.50	688.26	15.08	0.09	29.00	1015.90	-0.44	2.73	74.65	29.00	19.40	9.95	9.96	9.72	0.4080	4.44	23.31
STD3	0	12/10/22	12:11:02	27.08	1491.50	5262.70	1557.40	16.54	0.10	28.83	1016.00	-0.66	2.68	62.58	29.00	24.12	9.95	9.96	9.78	0.4100	4.37	23.00
STD4	0	12/10/22	12:15:49	26.94	1976.50	6019.90	1979.30	13.46	0.08	28.72	1016.00	-1.14	2.80	73.72	29.00	11.55	9.95	9.96	9.76	0.4110	4.37	23.00
ATM	0	12/10/22	12:20:17	26.88	NaN	2073.10	380.90	482.08	3.40	28.82	1015.90	-0.38	2.86	119.17	29.00	17.50	9.95	9.96	8.80	0.3710	4.75	23.56
ATM	0	12/10/22	12:21:43	26.88	NaN	2059.30	377.30	485.16	3.42	28.68	1016.20	-0.41	2.86	118.57	29.00	27.58	9.95	9.96	8.89	0.3750	4.50	23.19
ATM	0	12/10/22	12:23:11	26.84	NaN	2047.80	374.75	479.41	3.37	28.72	1015.80	-0.83	2.86	118.30	29.00	20.95	9.95	9.96	9.29	0.3920	4.44	23.06
ATM	0	12/10/22	12:24:38	26.79	NaN	2067.80	379.37	475.29	3.34	28.59	1015.80	-0.85	2.73	118.04	29.00	60.79	9.95	9.96	9.54	0.4010	4.37	22.81
ATM-DRAIN	0	12/10/22	12:26:05	26.76	NaN	2063.40	378.27	464.16	3.25	28.57	1015.80	-0.87	2.76	117.97	29.00	34.96	9.95	9.96	9.69	0.4070	4.31	22.62
EQU	0	12/10/22	12:31:29	26.82	NaN	2275.10	429.86	221.33	1.43	28.40	1015.60	-0.81	2.72	99.25	29.00	12.60	9.95	9.96	9.78	0.4110	4.31	22.56
EQU	0	12/10/22	12:34:00	26.83	NaN	2238.50	420.44	214.45	1.38	28.29	1015.50	-0.93	2.77	101.86	29.00	27.63	9.95	9.96	9.81	0.4120	4.94	22.44
EQU	0	12/10/22	12:36:30	26.87	NaN	2228.80	418.37	218.95	1.41	28.54	1015.50	-0.94	2.48	101.62	29.00	26.59	9.95	9.96	9.65	0.4070	4.50	23.31
EQU	0	12/10/22	12:39:00	26.88	NaN	2222.00	417.03	227.16	1.47	28.80	1015.50	-1.05	2.06	100.37	29.00	99.26	9.95	9.96	9.53	0.4010	4.56	24.12
EQU	0	12/10/22	12:41:31	26.83	NaN	2237.90	421.20	228.87	1.48	28.94	1015.60	-0.25	2.87	99.90	29.00	28.59	9.95	9.96	9.20	0.3890	4.94	24.44
EQU	0	12/10/22	12:44:02	26.74	NaN	2217.20	415.89	228.83	1.48	28.82	1015.60	-0.32	2.82	96.21	29.00	54.88	9.95	9.96	9.51	0.3990	4.69	23.69
EQU	0	12/10/22	12:46:32	26.71	NaN	2210.50	414.12	222.45	1.44	28.80	1015.60	-0.16	2.84	99.19	29.00	23.82	9.95	9.96	9.57	0.4020	4.44	23.37
EQU	0	12/10/22	12:49:02	26.71	NaN	2208.20	413.66	223.91	1.45	28.90	1015.60	-0.55	2.83	98.07	29.00	15.97	9.95	9.96	9.09	0.3830	4.69	23.56
EQU	0	12/10/22	12:51:32	26.72	NaN	2210.90	414.28	229.83	1.49	28.83	1015.60	-0.35	2.89	100.67	29.00	24.09	9.95	9.96	8.53	0.3610	4.94	23.50
EQU	0	12/10/22	12:54:02	26.73	NaN	2209.60	413.87	228.75	1.48	28.69	1015.40	-0.55	2.85	104.59	29.00	79.48	9.95	9.96	9.43	0.3950	4.62	22.94
EQU-DRAIN	0	12/10/22	12:56:32	26.70	NaN	2202.80	412.04	223.25	1.44	28.56	1015.30	-0.55	2.81	98.19	29.00	71.99	9.95	9.96	9.65	0.4050	4.44	22.75
EQU	0	12/10/22	12:59:24	26.77	NaN	2194.70	409.88	215.08	1.39	28.47	1015.20	-1.33	2.39	98.89	29.00	64.10	9.95	9.96	9.78	0.4110	4.37	22.31
EQU	0	12/10/22	13:01:54	26.72	NaN	2192.30	409.30	211.79	1.36	28.46	1015.20	-1.03	2.78	101.80	29.00	5.67	9.95	9.96	9.70	0.4090	4.81	22.81
EQU	0	12/10/22	13:04:24	26.65	NaN	2179.60	406.57	220.08	1.42	28.75	1015.10	-0.43	2.78	97.26	29.00	54.75	9.95	9.96	9.53	0.4010	4.56	23.94
EQU	0	12/10/22	13:06:54	26.57	NaN	2172.40	405.12	228.79	1.48	28.99	1015.20	-0.46	2.77	97.66	29.00	61.58	9.95	9.96	8.95	0.3780	4.44	24.56
EQU	0	12/10/22	13:09:24	26.58	NaN	2153.10	400.28	229.04	1.49	28.97	1015.30	-0.27	1.91	99.78	29.00	35.04	9.95	9.96	9.15	0.3850	4.94	23.94
EQU	0	12/10/22	13:11:54	26.64	NaN	2163.60	402.89	225.62	1.46	28.94	1015.20	-0.23	2.21	101.15	29.00	51.15	9.95	9.96	9.57	0.4010	4.62	23.44
EQU	0	12/10/22	13:14:24	26.57	NaN	2171.00	404.54	220.54	1.43	28.79	1015.10	-0.73	2.73	100.02	29.00	3.05	9.95	9.96	9.64	0.4050	4.50	22.94
EQU	0	12/10/22	13:16:54	26.50	NaN	2167.20	403.35	217.41	1.40	28.68	1015.20	-0.49	2.26	99.78	29.00	56.63	9.95	9.96	9.70	0.4080	4.62	22.81
EQU	0	12/10/22	13:19:24	26.58	NaN	2170.40	403.92	213.12	1.37	28.57	1015.40	-0.70	2.73	98.66	29.00	63.25	9.95	9.96	9.70	0.4070	4.56	22.81
EQU	0	12/10/22	13:21:54	26.70	NaN	2186.90	408.03	214.12	1.38	28.58	1015.40	-0.34	2.82	99.48	29.00	27.00	9.95	9.96	9.25	0.3900	4.37	23.19
EQU	0	12/10/22	13:24:24	26.81	NaN	2201.80	411.86	222.16	1.44	28.61	1015.20	-0.25	2.83	98.72	29.00	48.01	9.95	9.96	8.52	0.3600	4.62	23.37
EQU-DRAIN	0	12/10/22	13:26:54	26.98	NaN	2208.50	413.78	234.83	1.53	28.72	1015.10	-0.10	2.89	100.73	29.00	25.49	9.95	9.96	7.16	0.3040	4.69	24.06
EQU	0	12/10/22	13:29:46	26.82	NaN	2221.90	417.61	248.75	1.62	29.01	1015.10	-0.13	2.70	97.96	29.00	57.53	9.95	9.96	6.58	0.2800	5.00	24.44
EQU	0	12/10/22	13:32:15	26.83	NaN	2212.00	415.49	252.83	1.66	29.27	1015.10	-0.09	2.56	100.19	29.00	90.26	9.96	9.96	6.85	0.2900	4.62	24.87
EQU	0	12/10/22	13:34:46	26.78	NaN	2212.00	415.44	244.08	1.59	29.20	1015.00	-0.78	2.38	101.03	29.00	80.14	9.96	9.96	7.62	0.3230	4.44	24.06
EQU	0	12/10/22	13:37:16	26.88	NaN	2211.10	415.04	236.33	1.54	29.07	1014.90	-0.43	1.97	100.73	29.00	44.45	9.95	9.96	8.74	0.3680	4.94	23.62
EQU	0	12/10/22	13:39:46	26.96	NaN	2223.70	418.08	226.91	1.47	29.01	1015.00	-0.38	2.11	101.56	29.00	56.29	9.95	9.96	9.43	0.3960	4.62	23.12
EQU	0	12/10/22	13:42:16	26.90	NaN	2233.50	420.38	217.70	1.41	28.87	1014.90	-0.37	2.28	100.67	29.00	28.14	9.95	9.96	9.68	0.4050	4.44	22.94
EQU	0	12/10/22	13:44:46	26.90	NaN	2238.40	421.35	210.12	1.35	28.66	1014.80	-1.14	2.39	100.13	29.00	36.38	9.95	9.96	9.77	0.4090	4.62	22.69
EQU	0	12/10/22	13:47:16	26.88	NaN	2245.50	423.17	206.83	1.33	28.65	1014.70	-1.21	2.67	97.02	29.00	85.17	9.95	9.96	9.73	0.4090	4.56	22.69
EQU	0	12/10/22	13:49:46	26.84	NaN	2250.20	424.14	205.91	1.32	28.45	1014.60	-1.19	2.32	98.25	29.00	113.67	9.95	9.96	9.78	0.4110	4.37	22.44
EQU	0	12/10/22	13:52:16	26.87	NaN	2253.60	424.92	204.91	1.32	28.39	1014.60	-0.81	2.77	96.27	29.00	40.95	9.95	9.96	9.75	0.4100	4.94	22.56
EQU	0	12/10/22	13:54:47	26.88	NaN	2259.80	426.72	213.95	1.38	28.62	1014.80	-0.83	2.34	101.62	29.00	30.35	9.95	9.96	9.44	0.3970	4.56	23.37
EQU-DRAIN	0	12/10/22	13:57:17	26.99	NaN	2271.80	430.24	225.83	1.46	28.87	1014.70	-0.10	2.82	99.60	29.00	37.62	9.95	9.96	9.21	0.3880	4.44	24.19
EQU	0	12/10/22	14:00:08	27.07	NaN	2279.70	432.81	236.45	1.54	29.19	1014.50	-0.26	2.76	99.72	29.00	63.13	9.96	9.96	7.97	0.3380	4.50	25.06
EQU	0	12/10/22	14:02:38	27.08	NaN	2289.50	435.33	237.54	1.55	29.21	1014.60	-0.28	2.86	98.42	29.00	45.02	9.96	9.96	7.42	0.3150	4.62	24.31
EQU	0	12/10/22	14:05:08	27.10	NaN	2291.80	435.92	239.54	1.56	29.14	1014.40	-0.05	2.82	98.42	29.00	18.26	9.96	9.96	7.53	0.3180	4.87	23.75
EQU	0	12/10/22	14:07:38	27.10	NaN	2294.40	436.35	234.70	1.53	28.94	1014.30	-0.59	2.80	99.42	29.00	60.32	9.95	9.96	8.72	0.3680	4.50	23.12
EQU	0	12/10/22	14:10:08	27.11	NaN	2289.80	434.92	225.91	1.46	28.82	1014.40	-0.52	2.18	97.26	29.00	46.45	9.95	9.96	9.60	0.4030	4.37	22.81
EQU	0	12/10/22	14:12:38	27.31	NaN	2302.70	438.09	216.20	1.40	28.65	1014.20	-0.75	2.72	99.42	29.00	14.14	9.95	9.96	9.69	0.4060	5.00	22.75
EQU	0	12/10/22	14:15:08	27.19	NaN	2302.40	438.00	211.00	1.36	28.67	1014.30	-0.87	2.70	98.31	29.00	62.45	9.95	9.96	9.75	0.4090	4.56	22.81
EQU	0	12/10/22	14:17:39	27.18	NaN	2298.70	437.27	215.08	1.39	28.77	1014.10	-0.63	2.69	100.37	29.00	19.17	9.95	9.96	9.69	0.4070	4.44	23.44
EQU	0	12/10/22	14:20:09	27.32	NaN	2290.90	435.57	221.70	1.44	28.99	1014.20	-0.37	2.59	101.32	29.00	75.42	9.96	9.96	9.66	0.4060	4.75	24.25
EQU	0	12/10/22	14:22:39	27.28	NaN	2288.70	435.22	223.83	1.45	29.10	1014.10	-0.02	2.67	98.54	29.00	60.46	9.96	9.96	9.60	0.4020	4.69	24.50
EQU	0	12/10/22	14:25:09	27.23	NaN	2285.60	434.33	220.33	1.43	29.03	1014.10	-0.41	2.31	99.60	29.00	33.90	9.96	9.96	9.72	0.4080	4.37	24.00
EQU-DRAIN	0	12/10/22	14:27:39	27.18	NaN	2276.10	431.91	215.08	1.39	28.99	1013.90	-0.19	2.69	98.89	29.00	-7.08	9.96	9.96	9.80	0.4100	4.50	23.50
EQU	0	12/10/22	14:30:30	27.20	NaN	2255.20	426.21	205.83	1.33	28.75	1014.00	-0.25	2.63	99.13	29.00	43.79	9.95	9.96	9.86	0.4120	4.37	22.87
EQU	0	12/10/22	14:33:00	27.19	NaN	2253.20	425.43	199.54	1.28	28.51	1013.90	-1.17	2.45	99.60	29.00	38.09	9.95	9.96	9.89	0.4140	4.62	22.44
EQU	0	12/10/22	14:35:30	27.13	NaN	2246.70	423.62	194.70	1.25	28.38	1013.70	-1.18	2.61	98.54	29.00	40.47	9.95	9.96	9.90	0.4150	4.62	22.25
EQU	0	12/10/22	14:38:01	27.16	NaN	2264.60	428.35	199.62	1.28	28.48	1013.70	-0.44	2.60	99.84	29.00	54.39	9.95	9.96	9.81	0.4110	4.44	23.12
EQU	0	12/10/22	14:40:32	27.14	NaN	2244.60	423.69	209.91	1.35	28.75	1013.60	0.32	2.65	103.25	29.00	21.54	9.95	9.96	9.78	0.4090	4.75	23.94
EQU	0	12/10/22	14:43:02	27.16	NaN	2229.70	420.33	218.12	1.41	29.00	1013.60	-0.16	2.60	98.60	29.00	45.81	9.96	9.96	9.74	0.4090	4.75	24.50
EQU	0	12/10/22	14:45:32	27.21	NaN	2226.70	419.80	218.75	1.42	29.16	1013.60	0.19	2.72	99.31	29.00	-6.46	9.96	9.96	9.68	0.4060	4.44	24.62
EQU	0	12/10/22	14:48:02	27.12	NaN	2220.40	417.98	215.41	1.39	29.06	1013.70	-0.16	2.60	98.54	29.00	28.85	9.96	9.96	9.77	0.4090	4.81	23.94
EQU	0	12/10/22	14:50:32	27.20	NaN	2209.20	415.15	210.87	1.36	28.98	1013.60	-0.82	2.64	100.49	29.00	34.47	9.96	9.96	9.85	0.4130	4.75	23.50
EQU	0	12/10/22	14:53:02	27.17	NaN	2205.60	413.85	206.62	1.33	28.76	1013.70	-0.62	1.97	98.25	29.00	64.92	9.95	9.96	9.88	0.4130	4.56	22.94
EQU	0	12/10/22	14:55:32	27.20	NaN	2198.10	411.66	198.16	1.27	28.52	1013.60	-0.61	2.83	101.50	29.00	27.25	9.95	9.96	9.90	0.4140	4.44	22.44
EQU-DRAIN	0	12/10/22	14:58:03	27.15	NaN	2192.10	410.22	195.33	1.25	28.53	1013.60	-0.80	2.74	100.97	29.00	62.60	9.95	9.96	9.88	0.4140	4.62	22.75
EQU	0	12/10/22	15:00:54	27.21	NaN	2183.80	408.52	205.75	1.33	28.77	1013.50	-0.31	2.83	98.84	29.00	110.49	9.95	9.96	9.82	0.4110	4.87	23.69
EQU	0	12/10/22	15:03:24	27.23	NaN	2180.20	408.01	215.62	1.39	29.04	1013.50	0.00	2.01	100.37	29.00	16.99	9.96	9.96	9.79	0.4100	4.69	24.37
EQU	0	12/10/22	15:05:54	27.23	NaN	2182.90	409.12	221.83	1.44	29.29	1013.40	-0.22	2.81	99.42	29.00	61.21	9.96	9.96	9.75	0.4100	4.44	24.81
EQU	0	12/10/22	15:08:24	27.15	NaN	2176.30	407.47	218.16	1.41	29.31	1013.40	-0.56	2.67	100.31	29.00	60.89	9.96	9.96	9.77	0.4090	5.06	24.56
EQU	0	12/10/22	15:10:54	27.18	NaN	2156.60	402.42	213.62	1.38	29.17	1013.30	-0.52	2.84	97.96	29.00	102.72	9.96	9.96	9.85	0.4130	4.62	23.94
EQU	0	12/10/22	15:13:25	27.19	NaN	2158.90	402.80	205.91	1.33	29.02	1013.30	-0.25	2.83	100.67	29.00	100.17	9.96	9.96	9.89	0.4140	4.37	23.44
EQU	0	12/10/22	15:15:54	27.15	NaN	2155.60	401.79	199.12	1.28	28.87	1013.20	-0.58	2.55	98.60	29.00	-18.33	9.95	9.96	9.91	0.4140	4.69	22.94
EQU	0	12/10/22	15:18:25	27.20	NaN	2152.70	400.76	194.58	1.25	28.64	1013.30	-0.83	2.82	97.78	29.00	-9.63	9.95	9.96	9.91	0.4150	4.69	22.69
EQU	0	12/10/22	15:20:55	27.23	NaN	2156.60	401.79	193.00	1.24	28.69	1013.20	-0.84	2.79	97.61	29.00	52.05	9.95	9.96	9.87	0.4140	4.37	23.00
EQU	0	12/10/22	15:23:25	27.24	NaN	2158.20	402.43	203.50	1.31	28.87	1013.20	-0.12	2.21	99.31	29.00	94.71	9.95	9.96	9.85	0.4110	4.75	23.75
EQU	0	12/10/22	15:25:55	27.35	NaN	2159.80	403.20	211.54	1.37	29.10	1013.20	-1.10	2.80	102.04	29.00	41.69	9.95	9.96	9.84	0.4130	4.75	24.44
EQU-DRAIN	0	12/10/22	15:28:25	27.33	NaN	2166.70	405.29	217.45	1.41	29.38	1013.20	0.05	2.83	99.31	29.00	45.44	9.96	9.96	9.81	0.4110	4.44	24.87
EQU	0	12/10/22	15:31:16	27.31	NaN	2164.30	404.58	211.54	1.37	29.33	1013.20	-0.50	2.82	99.66	29.00	11.69	9.96	9.96	9.83	0.4110	4.50	24.25
EQU	0	12/10/22	15:33:46	27.40	NaN	2165.50	404.62	206.62	1.33	29.11	1013.20	-0.43	2.78	100.73	29.00	72.50	9.96	9.96	9.88	0.4130	4.56	23.37
EQU	0	12/10/22	15:36:16	27.32	NaN	2175.80	406.94	200.12	1.29	28.97	1013.20	-0.53	2.77	99.90	29.00	94.51	9.95	9.96	9.90	0.4140	4.87	22.81
EQU	0	12/10/22	15:38:46	27.34	NaN	2184.00	408.62	193.70	1.24	28.71	1013.20	-1.17	2.55	99.37	29.00	32.93	9.95	9.96	9.91	0.4150	4.56	22.37
EQU	0	12/10/22	15:41:17	27.37	NaN	2177.90	406.83	189.12	1.21	28.53	1013.20	-1.20	2.39	96.85	29.00	23.57	9.95	9.96	9.92	0.4160	4.44	22.12
EQU	0	12/10/22	15:43:47	27.48	NaN	2182.80	407.88	187.62	1.20	28.39	1013.20	-0.85	2.59	100.67	29.00	26.96	9.95	9.96	9.89	0.4140	4.50	22.37
EQU	0	12/10/22	15:46:17	27.48	NaN	2170.20	405.04	197.91	1.27	28.61	1013.20	-0.52	2.57	98.54	29.00	46.23	9.95	9.96	9.84	0.4110	4.37	23.37
EQU	0	12/10/22	15:48:47	27.43	NaN	2164.20	403.84	208.95	1.35	28.84	1013.30	0.08	1.78	102.65	29.00	33.75	9.95	9.96	9.80	0.4090	4.94	24.12
EQU	0	12/10/22	15:51:17	27.39	NaN	2166.30	404.07	205.70	1.32	28.63	1013.40	-0.26	2.49	99.31	29.00	10.94	9.95	9.96	9.84	0.4120	4.62	23.25
EQU	0	12/10/22	15:53:47	27.30	NaN	2169.40	404.81	203.41	1.31	28.61	1013.40	-0.75	2.05	99.19	29.00	43.56	9.95	9.96	9.89	0.4140	4.44	22.69
EQU	0	12/10/22	15:56:17	27.37	NaN	2196.90	411.35	198.75	1.28	28.39	1013.40	-0.90	2.51	98.25	29.00	46.82	9.95	9.96	9.91	0.4140	4.69	22.25
EQU-DRAIN	0	12/10/22	15:58:47	27.36	NaN	2207.20	413.68	193.58	1.24	28.25	1013.50	-1.02	2.14	101.86	29.00	50.73	9.95	9.96	9.91	0.4150	4.37	22.19
EQU	0	12/10/22	16:01:38	27.38	NaN	2227.80	418.51	187.54	1.20	28.00	1013.40	-1.18	2.75	100.97	29.00	5.41	9.95	9.96	9.92	0.4150	4.44	22.00
EQU	0	12/10/22	16:04:08	27.43	NaN	2256.80	425.60	185.16	1.18	27.91	1013.50	-1.10	2.69	98.72	29.00	17.10	9.95	9.96	9.93	0.4150	4.50	21.94
EQU	0	12/10/22	16:06:39	27.33	NaN	2272.80	430.27	195.70	1.25	28.27	1013.40	0.28	2.69	96.62	29.00	49.30	9.95	9.96	9.78	0.4100	4.69	23.56
EQU	0	12/10/22	16:09:09	27.31	NaN	2274.90	431.35	213.54	1.38	28.59	1013.40	-0.44	2.73	98.66	29.00	25.29	9.95	9.96	9.38	0.3950	4.44	24.56
EQU	0	12/10/22	16:11:39	27.22	NaN	2254.60	426.76	230.79	1.50	28.95	1013.30	0.04	2.75	97.66	29.00	-3.47	9.96	9.96	9.03	0.3800	4.87	25.06
EQU	0	12/10/22	16:14:09	27.14	NaN	2245.60	424.41	231.29	1.50	28.93	1013.30	-0.16	2.76	99.78	29.00	45.13	9.96	9.96	9.32	0.3920	4.62	24.44
EQU	0	12/10/22	16:16:39	27.04	NaN	2239.00	422.79	226.50	1.47	28.94	1013.30	-0.66	2.74	100.07	29.00	68.51	9.96	9.96	9.70	0.4070	4.50	23.87
EQU	0	12/10/22	16:19:09	27.07	NaN	2226.30	419.45	218.79	1.42	28.85	1013.30	-0.22	2.80	100.31	29.00	68.00	9.96	9.96	9.83	0.4120	4.62	23.19
EQU	0	12/10/22	16:21:39	27.01	NaN	2219.30	417.77	212.41	1.37	28.85	1013.10	-0.22	2.78	99.01	29.00	57.47	9.96	9.96	9.87	0.4140	4.94	22.75
EQU	0	12/10/22	16:24:09	26.90	NaN	2210.10	415.46	207.20	1.34	28.89	1013.20	-0.43	2.79	101.44	29.00	45.64	9.96	9.96	9.88	0.4130	4.62	22.44
EQU	0	12/10/22	16:26:39	26.90	NaN	2192.60	411.11	205.70	1.33	28.89	1013.10	-0.25	2.11	97.72	29.00	56.08	9.96	9.96	9.89	0.4130	4.44	22.69
EQU-DRAIN	0	12/10/22	16:29:09	26.99	NaN	2197.70	412.24	199.41	1.28	28.77	1013.10	-0.28	2.72	98.37	29.00	56.17	9.95	9.96	9.90	0.4140	4.81	22.75
EQU	0	12/10/22	16:32:01	26.92	NaN	2176.60	406.48	194.20	1.25	28.44	1013.10	-0.90	2.72	97.02	29.00	45.97	9.95	9.96	9.91	0.4160	4.56	22.37
EQU	0	12/10/22	16:34:31	26.80	NaN	2170.40	405.44	203.58	1.31	28.77	1013.00	-0.73	2.82	100.31	29.00	34.80	9.95	9.96	9.60	0.4030	4.81	23.94
EQU	0	12/10/22	16:37:01	26.81	NaN	2152.60	401.46	223.50	1.45	29.06	1013.10	0.03	2.82	100.37	29.00	71.10	9.96	9.96	8.02	0.3370	4.50	25.06
EQU	0	12/10/22	16:39:33	26.96	NaN	2164.00	404.64	240.62	1.57	29.32	1013.10	-1.77	2.75	139.07	28.00	61.67	9.96	9.96	6.07	0.2590	4.87	24.94
EQU	0	12/10/22	16:42:03	26.94	NaN	2167.50	405.49	246.25	1.61	29.28	1013.10	-0.12	2.80	98.07	28.00	18.74	9.96	9.96	6.29	0.2670	4.56	24.25
STD1z	0	12/10/22	16:46:54	26.84	0.00	-44.62	-0.04	14.25	0.09	29.28	1013.20	-0.40	2.81	72.41	28.00	79.82	9.96	9.96	7.61	0.3220	4.87	23.62
STD4s	0	12/10/22	16:51:44	26.85	0.00	5999.30	1980.70	15.08	0.09	29.21	1013.10	-0.37	2.84	74.41	28.00	50.80	9.95	9.96	8.33	0.3520	4.50	23.44
STD1	0	12/10/22	16:56:31	26.81	0.00	-42.47	0.30	10.79	0.06	28.95	1013.10	-0.55	2.84	72.26	28.00	66.68	9.96	9.96	9.27	0.3890	4.50	22.94
STD2-DRAIN	0	12/10/22	17:01:17	26.78	608.37	3176.30	691.54	14.62	0.09	28.67	1013.00	-0.58	2.81	72.60	28.00	70.87	9.95	9.96	9.85	0.4110	4.37	22.31
STD3	0	12/10/22	17:06:24	26.77	1491.50	5228.60	1544.90	12.83	0.08	28.86	1013.00	0.09	2.79	81.27	28.00	7.13	9.95	9.96	9.72	0.4070	4.87	23.62
STD4	0	12/10/22	17:11:11	26.73	1976.50	6006.90	1980.20	13.21	0.08	29.03	1013.00	-0.45	2.81	72.75	28.00	41.67	9.96	9.96	9.68	0.4050	4.44	23.81
ATM	0	12/10/22	17:15:37	26.71	NaN	2052.50	376.59	464.75	3.26	28.65	1013.10	-0.86	2.76	118.97	28.00	26.04	9.95	9.96	9.86	0.4130	4.87	22.69
ATM	0	12/10/22	17:17:04	26.69	NaN	2052.70	376.52	452.08	3.16	28.59	1013.10	-0.58	2.78	119.24	28.00	21.25	9.95	9.96	9.86	0.4130	4.69	22.44
ATM	0	12/10/22	17:18:30	26.68	NaN	2055.40	377.07	440.54	3.07	28.52	1013.10	-0.44	2.77	118.84	28.00	42.95	9.95	9.96	9.87	0.4130	4.62	22.37
ATM	0	12/10/22	17:19:57	26.64	NaN	2052.60	376.39	434.83	3.02	28.49	1013.00	-0.62	2.71	119.04	28.00	38.31	9.95	9.96	9.85	0.4130	4.50	22.37
ATM	0	12/10/22	17:21:24	26.57	NaN	2044.50	374.44	431.79	3.00	28.47	1013.00	-0.49	2.49	118.97	28.00	2.33	9.95	9.96	9.85	0.4120	4.44	22.50
EQU	0	12/10/22	17:26:27	26.68	NaN	2190.80	409.43	208.29	1.34	28.36	1013.00	-0.80	2.76	98.07	28.00	45.97	9.95	9.96	9.87	0.4140	4.31	22.44
EQU-DRAIN	0	12/10/22	17:28:58	26.70	NaN	2173.80	405.07	205.37	1.32	28.22	1012.90	-0.53	2.71	100.07	28.00	73.09	9.95	9.96	9.88	0.4150	5.06	22.37
EQU	0	12/10/22	17:31:49	26.57	NaN	2167.20	403.41	202.00	1.30	28.19	1012.80	-0.59	2.65	97.84	28.00	50.39	9.95	9.96	9.81	0.4130	5.06	22.62
EQU	0	12/10/22	17:34:19	26.56	NaN	2159.60	401.92	212.95	1.37	28.44	1012.80	-0.18	2.32	98.89	28.00	105.99	9.95	9.96	9.69	0.4080	4.62	23.56
EQU	0	12/10/22	17:36:49	26.74	NaN	2162.50	402.95	223.37	1.45	28.69	1012.80	0.00	1.75	98.54	28.00	32.37	9.95	9.96	9.65	0.4060	4.37	24.06
EQU	0	12/10/22	17:39:19	26.66	NaN	2125.80	393.89	220.75	1.43	28.63	1012.80	0.04	2.09	98.42	28.00	50.03	9.95	9.96	9.67	0.4060	4.62	23.56
EQU	0	12/10/22	17:41:49	26.65	NaN	2116.40	391.58	216.00	1.40	28.62	1012.80	-0.43	1.77	99.19	28.00	54.60	9.95	9.96	9.80	0.4120	4.69	23.00
EQU	0	12/10/22	17:44:19	26.66	NaN	2103.40	388.10	209.50	1.35	28.42	1012.80	-0.87	1.69	101.44	28.00	66.88	9.95	9.96	9.86	0.4140	4.44	22.62
EQU	0	12/10/22	17:46:49	26.65	NaN	2098.50	386.64	202.75	1.30	28.23	1012.80	-0.90	2.64	99.60	28.00	54.52	9.95	9.96	9.89	0.4140	4.81	22.12
EQU	0	12/10/22	17:49:19	26.55	NaN	2094.60	385.68	197.79	1.27	28.17	1012.80	-1.08	2.32	97.84	28.00	73.60	9.95	9.96	9.90	0.4160	4.44	22.00
EQU	0	12/10/22	17:51:49	26.57	NaN	2107.20	388.69	194.54	1.25	28.15	1012.70	-0.89	1.83	99.72	28.00	22.48	9.95	9.96	9.90	0.4150	4.37	22.06
EQU	0	12/10/22	17:54:19	26.62	NaN	2101.00	387.05	190.20	1.22	28.08	1012.80	-1.47	1.62	100.79	28.00	45.28	9.95	9.96	9.90	0.4160	4.37	21.81
EQU	0	12/10/22	17:56:49	26.65	NaN	2101.90	387.46	197.87	1.27	28.17	1012.70	-0.49	1.40	97.66	28.00	45.27	9.95	9.96	9.82	0.4140	4.56	22.87
EQU-DRAIN	0	12/10/22	17:59:19	26.73	NaN	2094.90	386.11	209.25	1.35	28.40	1012.60	0.17	2.70	98.72	28.00	45.21	9.95	9.96	9.78	0.4120	4.81	23.62
EQU	0	12/10/22	18:02:11	26.65	NaN	2094.90	386.46	217.87	1.41	28.68	1012.70	0.37	2.31	95.81	28.00	37.47	9.95	9.96	9.74	0.4100	4.81	24.06
EQU	0	12/10/22	18:04:41	26.69	NaN	2089.80	385.17	215.25	1.39	28.64	1012.70	0.24	2.75	101.38	28.00	40.67	9.95	9.96	9.75	0.4100	4.81	23.69
EQU	0	12/10/22	18:07:11	26.61	NaN	2092.80	385.67	209.25	1.35	28.50	1012.70	-0.84	2.49	99.31	28.00	57.88	9.95	9.96	9.84	0.4140	4.50	22.87
EQU	0	12/10/22	18:09:41	26.64	NaN	2082.50	382.95	202.54	1.30	28.33	1012.70	-0.47	2.14	98.01	28.00	17.62	9.95	9.96	9.89	0.4160	4.56	22.25
EQU	0	12/10/22	18:12:11	26.67	NaN	2082.60	382.67	195.54	1.25	28.13	1012.80	-0.79	2.47	98.13	28.00	24.88	9.95	9.96	9.90	0.4160	4.44	22.00
EQU	0	12/10/22	18:14:41	26.65	NaN	2082.20	382.30	190.45	1.22	27.90	1012.80	-1.42	2.41	96.79	28.00	14.35	9.95	9.96	9.91	0.4160	4.50	21.81
EQU	0	12/10/22	18:17:11	26.70	NaN	2081.30	382.22	190.87	1.22	28.00	1012.80	-1.23	1.51	99.60	28.00	35.07	9.95	9.96	9.86	0.4160	4.56	22.19
EQU	0	12/10/22	18:19:41	26.76	NaN	2086.80	383.78	200.70	1.29	28.16	1012.70	-0.37	1.61	98.72	28.00	37.92	9.95	9.96	9.85	0.4160	4.31	22.94
EQU	0	12/10/22	18:22:11	26.80	NaN	2089.60	384.73	208.33	1.34	28.38	1012.80	-0.25	2.05	98.89	28.00	52.29	9.95	9.96	9.84	0.4150	4.69	23.56
EQU	0	12/10/22	18:24:41	26.88	NaN	2095.20	386.35	213.83	1.38	28.62	1012.90	-0.85	2.05	103.37	28.00	33.21	9.95	9.96	9.81	0.4140	4.44	23.94
EQU	0	12/10/22	18:27:11	26.88	NaN	2103.40	388.41	211.37	1.36	28.66	1012.80	-0.57	2.33	99.78	28.00	63.91	9.95	9.96	9.80	0.4140	4.50	23.69
EQU-DRAIN	0	12/10/22	18:29:41	26.85	NaN	2119.70	392.24	205.25	1.32	28.57	1012.90	-0.23	2.38	95.70	28.00	50.76	9.95	9.96	9.87	0.4140	4.87	22.94
EQU	0	12/10/22	18:32:33	26.95	NaN	2148.90	399.05	197.00	1.26	28.38	1013.00	-0.64	2.45	97.72	28.00	49.34	9.95	9.96	9.90	0.4160	4.62	22.25
EQU	0	12/10/22	18:35:04	26.95	NaN	2160.20	401.41	192.37	1.23	28.09	1013.00	-1.42	2.41	100.91	28.00	67.30	9.95	9.96	9.91	0.4170	4.50	21.87
EQU	0	12/10/22	18:37:34	26.92	NaN	2175.00	404.93	189.20	1.21	27.99	1013.00	-0.99	2.04	96.44	28.00	82.07	9.95	9.96	9.90	0.4180	4.44	21.94
EQU	0	12/10/22	18:40:04	27.05	NaN	2185.70	407.84	197.08	1.26	28.16	1013.00	0.29	2.08	102.59	28.00	33.10	9.95	9.96	9.86	0.4140	4.56	22.69
EQU	0	12/10/22	18:42:34	27.05	NaN	2194.00	410.19	206.33	1.33	28.36	1013.10	-0.52	2.06	99.42	28.00	17.73	9.95	9.96	9.84	0.4140	4.37	23.44
EQU	0	12/10/22	18:45:04	27.13	NaN	2205.20	413.24	212.41	1.37	28.57	1013.10	0.51	2.31	97.08	28.00	18.68	9.95	9.96	9.83	0.4140	4.75	23.81
EQU	0	12/10/22	18:47:35	27.11	NaN	2213.80	415.81	217.00	1.40	28.86	1013.10	0.10	2.67	97.72	28.00	-5.00	9.95	9.96	9.79	0.4120	4.69	24.12
EQU	0	12/10/22	18:50:05	27.11	NaN	2219.70	417.34	215.16	1.39	28.85	1013.00	-0.34	1.75	100.07	28.00	43.44	9.95	9.96	9.78	0.4120	4.44	23.94
EQU	0	12/10/22	18:52:35	27.16	NaN	2221.70	417.59	208.87	1.35	28.74	1013.20	-0.46	2.43	97.78	28.00	69.38	9.95	9.96	9.86	0.4140	4.56	23.19
EQU	0	12/10/22	18:55:05	27.16	NaN	2228.90	419.03	201.58	1.30	28.49	1013.20	-0.66	2.25	97.96	28.00	32.55	9.95	9.96	9.89	0.4150	4.75	22.44
EQU	0	12/10/22	18:57:35	27.11	NaN	2240.50	421.60	194.58	1.25	28.30	1013.30	-1.08	1.58	98.42	28.00	-15.97	9.95	9.96	9.91	0.4160	4.31	21.94
EQU-DRAIN	0	12/10/22	19:00:05	27.18	NaN	2249.60	423.72	191.50	1.23	28.23	1013.40	-1.25	1.78	101.44	28.00	1.34	9.95	9.96	9.88	0.4150	5.00	22.12
EQU	0	12/10/22	19:02:56	27.26	NaN	2249.10	423.91	201.91	1.30	28.45	1013.40	-0.15	1.71	99.60	28.00	-10.69	9.95	9.96	9.85	0.4140	4.50	23.06
EQU	0	12/10/22	19:05:26	27.24	NaN	2249.90	424.38	210.33	1.36	28.65	1013.50	-0.07	2.63	100.13	28.00	0.81	9.95	9.96	9.84	0.4140	4.87	23.69
EQU	0	12/10/22	19:07:56	27.30	NaN	2269.60	429.62	214.50	1.39	28.82	1013.50	-0.21	2.22	101.27	28.00	10.44	9.95	9.96	9.82	0.4120	4.50	24.06
EQU	0	12/10/22	19:10:26	27.30	NaN	2271.90	430.63	218.08	1.41	29.06	1013.40	-0.13	2.50	98.89	28.00	7.92	9.95	9.96	9.78	0.4110	4.44	24.31
EQU	0	12/10/22	19:12:56	27.28	NaN	2268.80	429.60	211.75	1.37	28.91	1013.50	-0.31	1.47	98.31	28.00	1.48	9.95	9.96	9.81	0.4120	4.81	23.50
EQU	0	12/10/22	19:15:26	27.40	NaN	2285.40	433.57	206.45	1.33	28.73	1013.50	-0.55	2.70	98.42	28.00	11.32	9.95	9.96	9.85	0.4130	4.56	22.75
EQU	0	12/10/22	19:17:56	27.37	NaN	2277.50	431.28	202.12	1.30	28.56	1013.50	-0.95	1.58	98.48	28.00	-1.93	9.95	9.96	9.87	0.4140	4.31	22.31
EQU	0	12/10/22	19:20:26	27.22	NaN	2281.40	432.13	197.83	1.27	28.42	1013.40	-1.23	2.21	100.19	28.00	41.95	9.95	9.96	9.88	0.4150	4.94	22.06
EQU	0	12/10/22	19:22:57	27.28	NaN	2285.90	433.45	204.70	1.32	28.55	1013.40	-0.58	1.69	100.49	28.00	40.33	9.95	9.96	9.76	0.4110	4.37	22.94
EQU	0	12/10/22	19:25:27	27.36	NaN	2293.30	435.70	216.95	1.40	28.74	1013.30	-0.16	2.04	98.31	28.00	48.98	9.95	9.96	9.66	0.4060	4.62	23.81
EQU	0	12/10/22	19:27:57	27.25	NaN	2287.70	434.63	226.00	1.47	28.98	1013.30	0.04	2.76	98.60	28.00	17.26	9.95	9.96	9.49	0.4000	4.87	24.44
EQU-DRAIN	0	12/10/22	19:30:27	27.22	NaN	2283.00	433.87	233.58	1.52	29.24	1013.20	-0.78	1.98	96.56	28.00	15.98	9.95	9.96	9.26	0.3910	4.44	24.62
EQU	0	12/10/22	19:33:18	27.16	NaN	2249.90	425.52	235.50	1.54	29.33	1013.30	-0.04	1.99	98.84	28.00	32.07	9.96	9.96	9.17	0.3860	4.56	24.62
EQU	0	12/10/22	19:35:48	27.19	NaN	2239.00	422.60	230.91	1.50	29.17	1013.20	-0.13	2.45	98.89	28.00	20.03	9.96	9.96	9.53	0.4000	4.37	24.00
EQU	0	12/10/22	19:38:18	27.09	NaN	2242.30	423.27	224.37	1.46	29.07	1013.20	-0.39	1.99	99.72	28.00	6.49	9.96	9.96	9.73	0.4090	4.62	23.50
EQU	0	12/10/22	19:40:48	27.10	NaN	2249.90	424.87	216.58	1.40	28.83	1013.10	-0.18	2.17	99.13	28.00	42.79	9.96	9.96	9.82	0.4110	4.81	22.94
EQU	0	12/10/22	19:43:18	27.24	NaN	2267.10	429.15	210.70	1.36	28.82	1013.20	-0.30	2.57	100.97	28.00	20.42	9.95	9.96	9.80	0.4110	4.50	23.19
EQU	0	12/10/22	19:45:49	27.33	NaN	2278.10	432.34	219.08	1.42	29.11	1013.30	0.01	2.77	94.95	28.00	6.77	9.96	9.96	9.65	0.4050	4.44	24.06
EQU	0	12/10/22	19:48:19	27.24	NaN	2286.70	435.04	231.16	1.51	29.43	1013.30	-0.05	2.77	97.26	28.00	5.82	9.96	9.96	8.93	0.3760	5.06	25.12
EQU	0	12/10/22	19:50:49	27.28	NaN	2300.80	439.22	246.83	1.62	29.74	1013.20	0.12	2.76	96.56	28.00	29.64	9.96	9.96	6.72	0.2860	4.56	25.69
EQU	0	12/10/22	19:53:19	27.27	NaN	2300.00	439.42	263.08	1.74	30.00	1013.30	-0.09	2.80	100.73	28.00	18.63	9.96	9.96	4.90	0.2110	4.69	25.62
EQU	0	12/10/22	19:55:49	27.26	NaN	2303.60	440.35	260.41	1.72	29.94	1013.10	-0.07	2.84	98.95	28.00	6.49	9.96	9.96	5.02	0.2150	4.81	24.94
EQU	0	12/10/22	19:58:19	27.14	NaN	2295.50	438.01	252.00	1.66	29.78	1013.10	-0.19	2.19	99.01	28.00	18.02	9.96	9.96	6.46	0.2740	4.44	24.31
EQU-DRAIN	0	12/10/22	20:00:50	27.24	NaN	2294.50	437.60	239.33	1.57	29.70	1013.10	-1.02	2.07	102.95	28.00	80.21	9.96	9.96	7.69	0.3260	4.81	23.94
EQU	0	12/10/22	20:03:40	27.29	NaN	2292.00	436.51	228.58	1.49	29.41	1013.10	0.49	2.32	103.37	28.00	21.23	9.96	9.96	9.03	0.3790	4.44	23.44
EQU	0	12/10/22	20:06:11	27.22	NaN	2292.90	436.55	222.33	1.44	29.32	1013.20	-0.75	2.29	99.37	28.00	71.28	9.96	9.96	9.35	0.3930	4.81	23.44
EQU	0	12/10/22	20:08:41	27.28	NaN	2289.40	436.06	228.66	1.49	29.59	1013.20	-0.10	2.58	100.13	28.00	57.88	9.96	9.96	9.07	0.3820	4.69	24.37
EQU	0	12/10/22	20:11:11	27.32	NaN	2293.40	437.49	240.75	1.58	29.88	1013.20	-0.19	1.65	99.01	28.00	29.70	9.96	9.96	8.30	0.3510	4.50	25.12
EQU	0	12/10/22	20:13:41	27.38	NaN	2294.20	438.16	249.91	1.64	30.15	1013.20	-0.19	2.45	96.79	28.00	17.19	9.96	9.96	7.38	0.3120	5.06	25.56
EQU	0	12/10/22	20:16:11	27.36	NaN	2300.10	439.85	259.16	1.71	30.43	1013.60	-0.27	2.16	99.90	28.00	65.42	9.96	9.96	6.70	0.2840	4.56	25.87
EQU	0	12/10/22	20:18:41	27.41	NaN	2277.10	434.61	269.87	1.79	30.71	1013.20	0.57	2.34	99.78	28.00	51.27	9.96	9.96	5.70	0.2430	4.56	26.19
EQU	0	12/10/22	20:21:11	27.36	NaN	2293.30	438.82	268.29	1.78	30.76	1013.20	-0.10	1.60	101.27	28.00	41.84	9.96	9.96	5.32	0.2270	4.69	25.69
EQU	0	12/10/22	20:23:42	27.36	NaN	2296.90	439.34	259.58	1.71	30.50	1013.20	-0.18	2.38	103.74	28.00	43.57	9.96	9.96	6.59	0.2790	4.81	25.12
EQU	0	12/10/22	20:26:12	27.39	NaN	2305.40	441.14	247.25	1.62	30.31	1013.40	-0.43	2.27	118.77	28.00	46.16	9.96	9.96	7.90	0.3340	4.44	24.62
EQU	0	12/10/22	20:28:42	27.29	NaN	2300.20	439.68	238.37	1.56	30.21	1013.30	0.27	2.19	105.63	28.00	30.09	9.96	9.96	8.76	0.3680	5.06	24.44
EQU-DRAIN	0	12/10/22	20:31:12	27.32	NaN	2302.20	440.61	242.66	1.59	30.47	1013.20	0.70	1.46	94.09	28.00	11.21	9.96	9.96	8.49	0.3580	4.50	25.25
EQU	0	12/10/22	20:34:04	27.42	NaN	2294.80	439.14	253.87	1.67	30.78	1013.30	0.14	2.38	99.19	28.00	-2.84	9.96	9.96	7.92	0.3340	4.69	26.00
EQU	0	12/10/22	20:36:34	27.42	NaN	2304.90	442.07	262.25	1.74	31.06	1013.50	-0.10	1.83	97.96	28.00	40.90	9.96	9.96	7.15	0.3030	4.56	26.37
EQU	0	12/10/22	20:39:04	27.44	NaN	2305.20	442.67	269.79	1.79	31.33	1013.30	-0.08	1.89	98.37	28.00	71.37	9.96	9.96	6.50	0.2760	4.62	26.69
EQU	0	12/10/22	20:41:34	27.50	NaN	2307.30	443.57	277.62	1.85	31.66	1013.50	-0.15	2.48	99.07	28.00	86.68	9.96	9.96	5.75	0.2450	4.56	27.06
EQU	0	12/10/22	20:44:04	27.43	NaN	2313.40	445.42	282.29	1.89	31.79	1013.50	-0.44	2.80	97.20	28.00	79.53	9.96	9.96	4.42	0.1920	4.62	27.00
EQU	0	12/10/22	20:46:34	27.25	NaN	2302.80	442.62	277.70	1.85	31.78	1013.50	0.34	2.79	97.72	28.00	34.12	9.96	9.96	4.45	0.1910	4.56	26.44
EQU	0	12/10/22	20:49:05	27.20	NaN	2295.70	440.78	276.95	1.85	31.79	1013.50	-0.03	2.77	99.25	28.00	16.67	9.96	9.96	4.43	0.1900	4.56	26.25
EQU	0	12/10/22	20:51:35	27.19	NaN	2294.40	439.99	264.91	1.76	31.47	1013.40	0.20	2.72	99.54	28.00	25.90	9.96	9.96	5.78	0.2460	4.81	25.06
EQU	0	12/10/22	20:54:05	27.14	NaN	2293.50	439.16	249.33	1.64	31.14	1013.60	-0.38	2.75	98.25	28.00	59.38	9.96	9.96	7.97	0.3370	4.56	24.44
EQU	0	12/10/22	20:56:35	27.09	NaN	2286.60	437.04	235.41	1.54	30.85	1013.40	-0.79	2.73	99.13	28.00	41.85	9.96	9.96	9.21	0.3870	4.62	24.12
EQU	0	12/10/22	20:59:05	27.06	NaN	2281.40	435.84	233.33	1.53	30.95	1013.30	-0.21	1.95	99.19	28.00	7.40	9.96	9.96	9.21	0.3850	4.81	24.75
EQU-DRAIN	0	12/10/22	21:01:35	27.11	NaN	2288.10	437.65	236.70	1.55	31.03	1013.40	0.05	1.82	97.90	28.00	15.93	9.96	9.96	9.30	0.3880	4.56	25.25
EQU	0	12/10/22	21:04:27	27.15	NaN	2276.90	435.00	240.12	1.58	31.17	1013.40	-0.16	2.58	98.89	28.00	53.57	9.96	9.96	9.24	0.3870	4.69	25.62
EQU	0	12/10/22	21:06:57	27.12	NaN	2281.50	436.29	240.50	1.58	31.24	1013.40	-0.15	2.35	98.95	28.00	50.20	9.96	9.96	8.99	0.3770	4.50	25.81
EQU	0	12/10/22	21:09:27	27.09	NaN	2278.70	435.52	236.25	1.55	31.21	1013.40	-0.10	2.49	97.26	28.00	55.27	9.96	9.96	9.22	0.3860	4.69	25.31
EQU	0	12/10/22	21:11:57	27.23	NaN	2286.60	437.23	231.83	1.52	30.98	1013.40	-0.31	2.37	98.13	28.00	-10.12	9.96	9.96	9.53	0.3980	4.62	24.62
EQU	0	12/10/22	21:14:27	27.11	NaN	2289.50	437.43	224.41	1.46	30.63	1013.40	-0.96	2.83	98.78	28.00	21.33	9.96	9.96	9.71	0.4060	4.44	23.87
EQU	0	12/10/22	21:16:57	27.10	NaN	2282.80	435.15	215.25	1.40	30.31	1013.50	-1.05	2.69	98.25	28.00	20.72	9.96	9.96	9.82	0.4090	4.94	23.62
EQU	0	12/10/22	21:19:27	27.18	NaN	2291.70	437.57	215.37	1.40	30.31	1013.30	-0.64	2.18	98.95	28.00	-10.27	9.96	9.96	9.70	0.4050	4.69	24.25
EQU	0	12/10/22	21:21:58	27.21	NaN	2296.00	438.93	224.91	1.47	30.52	1013.40	-0.28	2.65	98.95	28.00	-5.58	9.96	9.96	9.65	0.4040	4.50	24.94
EQU	0	12/10/22	21:24:28	27.24	NaN	2293.10	438.51	232.87	1.52	30.70	1013.40	0.27	2.47	96.33	28.00	21.25	9.96	9.96	9.57	0.4010	4.94	25.56
EQU	0	12/10/22	21:26:58	27.34	NaN	2300.00	440.55	238.91	1.57	30.92	1013.50	-0.50	2.73	96.79	28.00	44.82	9.96	9.96	9.34	0.3910	4.87	25.94
EQU	0	12/10/22	21:29:28	27.38	NaN	2308.60	442.79	237.66	1.56	30.87	1013.40	-0.15	2.67	98.42	28.00	58.12	9.96	9.96	9.24	0.3860	4.56	25.62
EQU-DRAIN	0	12/10/22	21:31:58	27.39	NaN	2308.20	442.32	232.91	1.52	30.63	1013.30	-0.16	2.80	100.19	28.00	27.29	9.96	9.96	9.60	0.4010	4.87	24.69
EQU	0	12/10/22	21:34:49	27.41	NaN	2308.10	441.78	222.08	1.45	30.32	1013.40	-1.03	2.77	97.66	28.00	37.47	9.96	9.96	9.80	0.4090	4.50	24.12
EQU	0	12/10/22	21:37:19	27.36	NaN	2302.60	440.03	214.25	1.39	30.10	1013.40	-1.11	2.79	98.66	28.00	68.08	9.96	9.96	9.86	0.4110	4.94	23.37
STD1z	0	12/10/22	21:42:10	27.47	0.00	-44.03	0.08	13.75	0.08	30.27	1013.60	-0.28	2.47	70.20	28.00	-12.78	9.96	9.96	9.76	0.4080	4.56	24.62
STD4s	0	12/10/22	21:47:00	27.56	0.00	6000.70	1984.50	14.92	0.09	30.62	1013.60	0.28	2.70	72.41	28.00	-31.74	9.96	9.96	9.67	0.4040	4.56	25.62
STD1	0	12/10/22	21:51:47	27.52	0.00	-41.50	0.35	10.75	0.06	30.58	1013.50	-0.10	2.16	70.25	28.00	-13.22	9.96	9.96	9.60	0.4010	4.50	25.50
STD2	0	12/10/22	21:56:34	27.56	608.37	3155.20	685.11	14.00	0.08	30.15	1013.50	-0.64	2.58	69.87	28.00	-23.78	9.96	9.96	9.84	0.4100	4.44	24.19
STD3-DRAIN	0	12/10/22	22:01:20	27.57	1491.50	5241.80	1549.10	14.50	0.09	29.78	1013.40	-0.80	2.32	64.48	28.00	-25.89	9.96	9.96	9.85	0.4110	4.50	23.87
STD4	0	12/10/22	22:06:27	27.61	1976.50	6019.20	1984.70	12.83	0.08	30.09	1013.40	-0.59	2.84	71.11	28.00	16.41	9.96	9.96	9.77	0.4090	4.50	24.87
ATM	0	12/10/22	22:10:54	27.70	NaN	2042.40	375.12	508.95	3.65	30.43	1013.30	0.19	2.55	122.35	28.00	4.98	9.96	9.96	9.68	0.4050	4.75	25.50
ATM	0	12/10/22	22:12:20	27.71	NaN	2045.90	376.10	509.25	3.65	30.52	1013.30	0.29	2.78	122.69	28.00	-7.45	9.96	9.96	9.64	0.4040	5.06	25.56
ATM	0	12/10/22	22:13:47	27.70	NaN	2047.40	376.45	509.00	3.65	30.53	1013.30	-0.18	1.12	121.80	28.00	-0.91	9.96	9.96	9.61	0.4010	5.06	25.56
ATM	0	12/10/22	22:15:14	27.72	NaN	2038.30	373.85	499.58	3.57	30.22	1013.40	0.07	2.82	121.05	28.00	-12.97	9.96	9.96	9.73	0.4070	4.94	25.12
ATM	0	12/10/22	22:16:41	27.72	NaN	2063.30	379.68	489.75	3.48	30.09	1013.30	-0.49	2.62	120.99	28.00	-5.40	9.96	9.96	9.81	0.4090	4.62	24.62
EQU	0	12/10/22	22:21:45	27.71	NaN	2378.00	457.12	219.54	1.42	29.39	1013.30	-1.05	1.51	99.60	28.00	24.37	9.96	9.96	9.90	0.4120	4.75	23.62
EQU	0	12/10/22	22:24:16	27.80	NaN	2349.50	449.91	218.20	1.42	29.58	1013.40	-0.64	2.12	99.37	28.00	-8.54	9.96	9.96	9.83	0.4100	4.37	24.12
EQU	0	12/10/22	22:26:46	27.75	NaN	2335.70	446.71	225.54	1.47	29.80	1013.30	-0.18	1.92	99.90	28.00	22.93	9.96	9.96	9.78	0.4080	4.69	24.75
EQU	0	12/10/22	22:29:16	27.82	NaN	2330.80	445.84	232.83	1.52	30.05	1013.30	-0.08	2.10	99.31	28.00	13.39	9.96	9.96	9.70	0.4050	4.75	25.25
EQU-DRAIN	0	12/10/22	22:31:46	27.89	NaN	2333.70	446.49	232.54	1.52	29.94	1013.20	-0.09	2.33	99.19	28.00	17.44	9.96	9.96	9.69	0.4050	4.56	25.25
EQU	0	12/10/22	22:34:38	27.87	NaN	2328.00	444.56	225.04	1.46	29.65	1013.20	-0.75	1.58	99.07	28.00	21.07	9.96	9.96	9.82	0.4090	4.44	24.19
EQU	0	12/10/22	22:37:08	27.95	NaN	2333.00	445.46	216.66	1.40	29.42	1013.30	-1.38	2.14	99.25	28.00	10.78	9.96	9.96	9.88	0.4130	4.87	23.62
EQU	0	12/10/22	22:39:38	27.96	NaN	2340.90	447.01	208.79	1.35	29.08	1013.20	-1.29	1.68	98.89	28.00	24.86	9.96	9.96	9.90	0.4130	4.75	23.06
EQU	0	12/10/22	22:42:08	27.91	NaN	2343.40	447.25	202.70	1.30	28.81	1013.20	-1.52	2.44	97.84	28.00	25.74	9.95	9.96	9.91	0.4140	4.44	22.69
EQU	0	12/10/22	22:44:38	27.90	NaN	2335.10	445.42	207.00	1.34	29.03	1013.20	-0.85	2.13	99.19	28.00	25.80	9.95	9.96	9.85	0.4120	4.56	23.37
EQU	0	12/10/22	22:47:08	27.82	NaN	2334.60	445.58	215.58	1.40	29.23	1013.30	-0.26	2.47	99.13	28.00	14.71	9.95	9.96	9.84	0.4120	4.94	24.12
EQU	0	12/10/22	22:49:38	27.87	NaN	2331.00	445.02	221.50	1.44	29.48	1013.30	-0.12	2.42	97.96	28.00	14.63	9.96	9.96	9.80	0.4100	4.56	24.81
EQU	0	12/10/22	22:52:08	27.84	NaN	2331.30	445.37	226.87	1.48	29.66	1013.30	0.01	1.96	100.79	28.00	33.27	9.96	9.96	9.74	0.4070	4.62	25.12
EQU	0	12/10/22	22:54:39	27.95	NaN	2331.60	445.49	227.50	1.48	29.67	1013.30	-0.16	2.34	98.60	28.00	8.80	9.96	9.96	9.68	0.4060	4.69	24.94
EQU	0	12/10/22	22:57:09	27.94	NaN	2323.70	442.97	223.58	1.45	29.35	1013.30	-0.84	2.19	99.37	28.00	18.32	9.96	9.96	9.81	0.4100	4.37	24.12
EQU	0	12/10/22	22:59:39	27.88	NaN	2322.60	442.33	216.04	1.40	29.11	1013.30	-1.43	1.72	99.60	28.00	16.43	9.96	9.96	9.86	0.4120	4.81	23.25
EQU-DRAIN	0	12/10/22	23:02:09	28.03	NaN	2321.40	441.67	208.08	1.34	28.87	1013.20	-1.55	2.49	98.37	28.00	36.02	9.95	9.96	9.89	0.4140	4.62	22.81
EQU	0	12/10/22	23:05:00	28.21	NaN	2335.10	444.74	201.45	1.30	28.51	1013.10	-1.55	2.63	99.96	28.00	37.88	9.95	9.96	9.91	0.4150	5.06	22.50
EQU	0	12/10/22	23:07:30	28.15	NaN	2352.50	449.62	206.16	1.33	28.76	1013.10	-0.85	2.10	99.90	28.00	37.54	9.95	9.96	9.82	0.4110	4.69	23.31
EQU	0	12/10/22	23:10:00	28.26	NaN	2352.20	450.01	215.95	1.40	29.01	1013.00	-0.27	2.79	97.78	28.00	8.54	9.96	9.96	9.80	0.4100	4.44	24.12
EQU	0	12/10/22	23:12:30	28.06	NaN	2348.30	449.39	224.33	1.46	29.24	1013.00	-0.46	2.16	97.66	28.00	37.78	9.96	9.96	9.75	0.4090	4.69	24.69
EQU	0	12/10/22	23:15:00	28.16	NaN	2346.40	448.84	226.50	1.47	29.23	1013.00	-0.21	2.42	98.72	28.00	55.44	9.96	9.96	9.70	0.4070	4.81	24.75
EQU	0	12/10/22	23:17:31	28.18	NaN	2348.50	448.95	220.37	1.43	29.00	1013.10	-0.69	2.43	98.72	28.00	-2.87	9.96	9.96	9.81	0.4110	4.44	23.87
EQU	0	12/10/22	23:20:01	28.25	NaN	2345.60	447.65	213.70	1.38	28.65	1013.20	-1.02	2.55	97.66	28.00	8.71	9.96	9.96	9.87	0.4140	4.50	23.06
EQU	0	12/10/22	23:22:31	28.16	NaN	2346.70	447.79	207.41	1.34	28.57	1013.20	-1.30	2.61	101.27	28.00	20.68	9.95	9.96	9.89	0.4140	4.75	22.44
EQU	0	12/10/22	23:25:01	28.17	NaN	2349.70	448.13	200.50	1.29	28.33	1013.30	-1.76	2.62	99.60	28.00	23.18	9.95	9.96	9.91	0.4170	4.37	21.94
EQU	0	12/10/22	23:27:31	28.14	NaN	2347.70	447.51	199.29	1.28	28.26	1013.20	-1.24	2.59	98.84	28.00	28.95	9.95	9.96	9.87	0.4140	4.69	22.50
EQU	0	12/10/22	23:30:01	28.13	NaN	2353.50	449.53	209.29	1.35	28.55	1013.20	-0.37	1.97	99.37	28.00	25.02	9.95	9.96	9.84	0.4130	4.50	23.50
EQU-DRAIN	0	12/10/22	23:32:31	28.22	NaN	2351.80	449.48	218.04	1.41	28.80	1013.20	0.12	2.60	98.54	28.00	17.37	9.95	9.96	9.80	0.4110	4.37	24.12
EQU	0	12/10/22	23:35:23	28.17	NaN	2365.30	453.40	223.79	1.45	29.07	1013.20	-0.17	2.57	97.37	28.00	20.40	9.95	9.96	9.76	0.4100	4.44	24.56
EQU	0	12/10/22	23:37:54	28.07	NaN	2345.10	448.51	230.66	1.50	29.29	1013.20	0.17	2.42	99.07	28.00	75.21	9.96	9.96	9.67	0.4060	4.62	24.81
EQU	0	12/10/22	23:40:24	28.13	NaN	2343.70	447.77	224.58	1.46	29.02	1013.10	-0.35	2.34	97.49	28.00	67.83	9.96	9.96	9.78	0.4110	4.81	24.00
EQU	0	12/10/22	23:42:54	28.06	NaN	2345.10	447.84	217.20	1.41	28.85	1013.10	-0.63	2.56	100.55	28.00	12.50	9.96	9.96	9.86	0.4140	4.44	23.19
EQU	0	12/10/22	23:45:24	27.90	NaN	2340.50	446.12	209.54	1.35	28.52	1013.20	-1.27	2.39	100.07	28.00	51.89	9.95	9.96	9.89	0.4140	4.50	22.56
EQU	0	12/10/22	23:47:54	28.00	NaN	2333.90	444.14	203.50	1.31	28.32	1013.10	-1.51	2.53	100.79	28.00	80.27	9.95	9.96	9.89	0.4160	4.56	22.50
EQU	0	12/10/22	23:50:24	27.95	NaN	2333.00	444.39	209.41	1.35	28.60	1013.00	-0.50	2.55	99.54	28.00	69.04	9.95	9.96	9.83	0.4130	4.44	23.37
EQU	0	12/10/22	23:52:54	27.98	NaN	2333.50	444.89	218.20	1.41	28.83	1013.00	-0.25	2.48	99.01	28.00	13.05	9.95	9.96	9.81	0.4120	4.69	24.06
EQU	0	12/10/22	23:55:25	27.99	NaN	2342.50	447.62	224.16	1.46	29.08	1013.00	-0.34	2.55	98.89	28.00	7.98	9.96	9.96	9.77	0.4110	4.69	24.50
EQU	0	12/10/22	23:57:55	27.97	NaN	2339.50	447.21	228.83	1.49	29.31	1013.00	0.00	2.50	98.19	28.00	27.31	9.96	9.96	9.73	0.4070	4.44	24.81
EQU	0	13/10/22	00:00:25	27.91	NaN	2339.70	447.48	231.87	1.51	29.38	1012.80	-1.08	1.36	98.25	28.00	21.94	9.96	9.96	9.49	0.4000	5.06	24.87
